{
 "cells": [
  {
   "cell_type": "code",
   "execution_count": 146,
   "id": "2a500609",
   "metadata": {},
   "outputs": [
    {
     "name": "stdout",
     "output_type": "stream",
     "text": [
      "[*********************100%***********************]  7 of 7 completed\n"
     ]
    }
   ],
   "source": [
    "import pandas as pd\n",
    "from pandas_datareader import data as pdr\n",
    "import yfinance as yf\n",
    "import datetime as dt\n",
    "import numpy as np\n",
    "import matplotlib.pyplot as plt\n",
    "import yfinance as yf\n",
    "\n",
    "yf.pdr_override()\n",
    "\n",
    "y_symbols = ['^GSPC', '^MXX', '^FCHI','^NYA','^JKSE', '^RUT','^KS11' ]\n",
    "\n",
    "start_date = dt.datetime(2000,1,1)\n",
    "end_date = dt.datetime(2020,1,2)\n",
    "\n",
    "data = pdr.get_data_yahoo(y_symbols, start=start_date, end=end_date, interval='1mo')['Adj Close']"
   ]
  },
  {
   "cell_type": "code",
   "execution_count": 147,
   "id": "1b7bbe8d",
   "metadata": {},
   "outputs": [
    {
     "data": {
      "text/html": [
       "<div>\n",
       "<style scoped>\n",
       "    .dataframe tbody tr th:only-of-type {\n",
       "        vertical-align: middle;\n",
       "    }\n",
       "\n",
       "    .dataframe tbody tr th {\n",
       "        vertical-align: top;\n",
       "    }\n",
       "\n",
       "    .dataframe thead th {\n",
       "        text-align: right;\n",
       "    }\n",
       "</style>\n",
       "<table border=\"1\" class=\"dataframe\">\n",
       "  <thead>\n",
       "    <tr style=\"text-align: right;\">\n",
       "      <th></th>\n",
       "      <th>^FCHI</th>\n",
       "      <th>^GSPC</th>\n",
       "      <th>^JKSE</th>\n",
       "      <th>^KS11</th>\n",
       "      <th>^MXX</th>\n",
       "      <th>^NYA</th>\n",
       "      <th>^RUT</th>\n",
       "    </tr>\n",
       "    <tr>\n",
       "      <th>Date</th>\n",
       "      <th></th>\n",
       "      <th></th>\n",
       "      <th></th>\n",
       "      <th></th>\n",
       "      <th></th>\n",
       "      <th></th>\n",
       "      <th></th>\n",
       "    </tr>\n",
       "  </thead>\n",
       "  <tbody>\n",
       "    <tr>\n",
       "      <th>2000-01-01</th>\n",
       "      <td>5659.810059</td>\n",
       "      <td>1394.459961</td>\n",
       "      <td>636.372009</td>\n",
       "      <td>943.880005</td>\n",
       "      <td>6585.669922</td>\n",
       "      <td>6574.009766</td>\n",
       "      <td>496.230011</td>\n",
       "    </tr>\n",
       "    <tr>\n",
       "      <th>2000-02-01</th>\n",
       "      <td>6190.959961</td>\n",
       "      <td>1366.420044</td>\n",
       "      <td>576.541992</td>\n",
       "      <td>828.380005</td>\n",
       "      <td>7368.549805</td>\n",
       "      <td>6266.419922</td>\n",
       "      <td>577.710022</td>\n",
       "    </tr>\n",
       "    <tr>\n",
       "      <th>2000-03-01</th>\n",
       "      <td>6286.049805</td>\n",
       "      <td>1498.579956</td>\n",
       "      <td>583.276001</td>\n",
       "      <td>860.940002</td>\n",
       "      <td>7473.250000</td>\n",
       "      <td>6848.609863</td>\n",
       "      <td>539.090027</td>\n",
       "    </tr>\n",
       "    <tr>\n",
       "      <th>2000-04-01</th>\n",
       "      <td>6419.720215</td>\n",
       "      <td>1452.430054</td>\n",
       "      <td>526.737000</td>\n",
       "      <td>725.390015</td>\n",
       "      <td>6640.680176</td>\n",
       "      <td>6811.169922</td>\n",
       "      <td>506.250000</td>\n",
       "    </tr>\n",
       "    <tr>\n",
       "      <th>2000-05-01</th>\n",
       "      <td>6426.259766</td>\n",
       "      <td>1420.599976</td>\n",
       "      <td>454.326996</td>\n",
       "      <td>731.880005</td>\n",
       "      <td>5961.140137</td>\n",
       "      <td>6805.250000</td>\n",
       "      <td>476.179993</td>\n",
       "    </tr>\n",
       "    <tr>\n",
       "      <th>...</th>\n",
       "      <td>...</td>\n",
       "      <td>...</td>\n",
       "      <td>...</td>\n",
       "      <td>...</td>\n",
       "      <td>...</td>\n",
       "      <td>...</td>\n",
       "      <td>...</td>\n",
       "    </tr>\n",
       "    <tr>\n",
       "      <th>2019-09-01</th>\n",
       "      <td>5677.790039</td>\n",
       "      <td>2976.739990</td>\n",
       "      <td>6169.102051</td>\n",
       "      <td>2063.050049</td>\n",
       "      <td>43011.269531</td>\n",
       "      <td>13004.740234</td>\n",
       "      <td>1523.369995</td>\n",
       "    </tr>\n",
       "    <tr>\n",
       "      <th>2019-10-01</th>\n",
       "      <td>5729.859863</td>\n",
       "      <td>3037.560059</td>\n",
       "      <td>6228.316895</td>\n",
       "      <td>2083.479980</td>\n",
       "      <td>43337.281250</td>\n",
       "      <td>13171.809570</td>\n",
       "      <td>1562.449951</td>\n",
       "    </tr>\n",
       "    <tr>\n",
       "      <th>2019-11-01</th>\n",
       "      <td>5905.169922</td>\n",
       "      <td>3140.979980</td>\n",
       "      <td>6011.830078</td>\n",
       "      <td>2087.959961</td>\n",
       "      <td>42820.179688</td>\n",
       "      <td>13545.209961</td>\n",
       "      <td>1624.500000</td>\n",
       "    </tr>\n",
       "    <tr>\n",
       "      <th>2019-12-01</th>\n",
       "      <td>5978.060059</td>\n",
       "      <td>3230.780029</td>\n",
       "      <td>6299.539062</td>\n",
       "      <td>2197.669922</td>\n",
       "      <td>43541.019531</td>\n",
       "      <td>13913.030273</td>\n",
       "      <td>1668.469971</td>\n",
       "    </tr>\n",
       "    <tr>\n",
       "      <th>2020-01-01</th>\n",
       "      <td>5806.339844</td>\n",
       "      <td>3225.520020</td>\n",
       "      <td>5940.047852</td>\n",
       "      <td>2119.010010</td>\n",
       "      <td>44108.308594</td>\n",
       "      <td>13614.099609</td>\n",
       "      <td>1614.060059</td>\n",
       "    </tr>\n",
       "  </tbody>\n",
       "</table>\n",
       "<p>241 rows × 7 columns</p>\n",
       "</div>"
      ],
      "text/plain": [
       "                  ^FCHI        ^GSPC        ^JKSE        ^KS11          ^MXX  \\\n",
       "Date                                                                           \n",
       "2000-01-01  5659.810059  1394.459961   636.372009   943.880005   6585.669922   \n",
       "2000-02-01  6190.959961  1366.420044   576.541992   828.380005   7368.549805   \n",
       "2000-03-01  6286.049805  1498.579956   583.276001   860.940002   7473.250000   \n",
       "2000-04-01  6419.720215  1452.430054   526.737000   725.390015   6640.680176   \n",
       "2000-05-01  6426.259766  1420.599976   454.326996   731.880005   5961.140137   \n",
       "...                 ...          ...          ...          ...           ...   \n",
       "2019-09-01  5677.790039  2976.739990  6169.102051  2063.050049  43011.269531   \n",
       "2019-10-01  5729.859863  3037.560059  6228.316895  2083.479980  43337.281250   \n",
       "2019-11-01  5905.169922  3140.979980  6011.830078  2087.959961  42820.179688   \n",
       "2019-12-01  5978.060059  3230.780029  6299.539062  2197.669922  43541.019531   \n",
       "2020-01-01  5806.339844  3225.520020  5940.047852  2119.010010  44108.308594   \n",
       "\n",
       "                    ^NYA         ^RUT  \n",
       "Date                                   \n",
       "2000-01-01   6574.009766   496.230011  \n",
       "2000-02-01   6266.419922   577.710022  \n",
       "2000-03-01   6848.609863   539.090027  \n",
       "2000-04-01   6811.169922   506.250000  \n",
       "2000-05-01   6805.250000   476.179993  \n",
       "...                  ...          ...  \n",
       "2019-09-01  13004.740234  1523.369995  \n",
       "2019-10-01  13171.809570  1562.449951  \n",
       "2019-11-01  13545.209961  1624.500000  \n",
       "2019-12-01  13913.030273  1668.469971  \n",
       "2020-01-01  13614.099609  1614.060059  \n",
       "\n",
       "[241 rows x 7 columns]"
      ]
     },
     "execution_count": 147,
     "metadata": {},
     "output_type": "execute_result"
    }
   ],
   "source": [
    "data"
   ]
  },
  {
   "cell_type": "code",
   "execution_count": 148,
   "id": "bdcd6cf5",
   "metadata": {},
   "outputs": [],
   "source": [
    "#conversions\n",
    "# convert in USD, we will use fixed rates\n",
    "data.iloc[:,0] = data.iloc[:,0]* 1.06      #FCHI\n",
    "data.iloc[:,4] = data.iloc[:,4]* 0.05      #MXX\n",
    "data.iloc[:,2] = data.iloc[:,2]* 0.000064  #JKSE\n",
    "data.iloc[:,3] = data.iloc[:,3]* 0.000773  #KS11"
   ]
  },
  {
   "cell_type": "code",
   "execution_count": 149,
   "id": "dc0bd6a3",
   "metadata": {},
   "outputs": [
    {
     "data": {
      "text/html": [
       "<div>\n",
       "<style scoped>\n",
       "    .dataframe tbody tr th:only-of-type {\n",
       "        vertical-align: middle;\n",
       "    }\n",
       "\n",
       "    .dataframe tbody tr th {\n",
       "        vertical-align: top;\n",
       "    }\n",
       "\n",
       "    .dataframe thead th {\n",
       "        text-align: right;\n",
       "    }\n",
       "</style>\n",
       "<table border=\"1\" class=\"dataframe\">\n",
       "  <thead>\n",
       "    <tr style=\"text-align: right;\">\n",
       "      <th></th>\n",
       "      <th>^FCHI</th>\n",
       "      <th>^GSPC</th>\n",
       "      <th>^JKSE</th>\n",
       "      <th>^KS11</th>\n",
       "      <th>^MXX</th>\n",
       "      <th>^NYA</th>\n",
       "      <th>^RUT</th>\n",
       "    </tr>\n",
       "    <tr>\n",
       "      <th>Date</th>\n",
       "      <th></th>\n",
       "      <th></th>\n",
       "      <th></th>\n",
       "      <th></th>\n",
       "      <th></th>\n",
       "      <th></th>\n",
       "      <th></th>\n",
       "    </tr>\n",
       "  </thead>\n",
       "  <tbody>\n",
       "    <tr>\n",
       "      <th>2000-01-01</th>\n",
       "      <td>5999.398662</td>\n",
       "      <td>1394.459961</td>\n",
       "      <td>0.040728</td>\n",
       "      <td>0.729619</td>\n",
       "      <td>329.283496</td>\n",
       "      <td>6574.009766</td>\n",
       "      <td>496.230011</td>\n",
       "    </tr>\n",
       "    <tr>\n",
       "      <th>2000-02-01</th>\n",
       "      <td>6562.417559</td>\n",
       "      <td>1366.420044</td>\n",
       "      <td>0.036899</td>\n",
       "      <td>0.640338</td>\n",
       "      <td>368.427490</td>\n",
       "      <td>6266.419922</td>\n",
       "      <td>577.710022</td>\n",
       "    </tr>\n",
       "    <tr>\n",
       "      <th>2000-03-01</th>\n",
       "      <td>6663.212793</td>\n",
       "      <td>1498.579956</td>\n",
       "      <td>0.037330</td>\n",
       "      <td>0.665507</td>\n",
       "      <td>373.662500</td>\n",
       "      <td>6848.609863</td>\n",
       "      <td>539.090027</td>\n",
       "    </tr>\n",
       "    <tr>\n",
       "      <th>2000-04-01</th>\n",
       "      <td>6804.903428</td>\n",
       "      <td>1452.430054</td>\n",
       "      <td>0.033711</td>\n",
       "      <td>0.560726</td>\n",
       "      <td>332.034009</td>\n",
       "      <td>6811.169922</td>\n",
       "      <td>506.250000</td>\n",
       "    </tr>\n",
       "    <tr>\n",
       "      <th>2000-05-01</th>\n",
       "      <td>6811.835352</td>\n",
       "      <td>1420.599976</td>\n",
       "      <td>0.029077</td>\n",
       "      <td>0.565743</td>\n",
       "      <td>298.057007</td>\n",
       "      <td>6805.250000</td>\n",
       "      <td>476.179993</td>\n",
       "    </tr>\n",
       "    <tr>\n",
       "      <th>...</th>\n",
       "      <td>...</td>\n",
       "      <td>...</td>\n",
       "      <td>...</td>\n",
       "      <td>...</td>\n",
       "      <td>...</td>\n",
       "      <td>...</td>\n",
       "      <td>...</td>\n",
       "    </tr>\n",
       "    <tr>\n",
       "      <th>2019-09-01</th>\n",
       "      <td>6018.457441</td>\n",
       "      <td>2976.739990</td>\n",
       "      <td>0.394823</td>\n",
       "      <td>1.594738</td>\n",
       "      <td>2150.563477</td>\n",
       "      <td>13004.740234</td>\n",
       "      <td>1523.369995</td>\n",
       "    </tr>\n",
       "    <tr>\n",
       "      <th>2019-10-01</th>\n",
       "      <td>6073.651455</td>\n",
       "      <td>3037.560059</td>\n",
       "      <td>0.398612</td>\n",
       "      <td>1.610530</td>\n",
       "      <td>2166.864063</td>\n",
       "      <td>13171.809570</td>\n",
       "      <td>1562.449951</td>\n",
       "    </tr>\n",
       "    <tr>\n",
       "      <th>2019-11-01</th>\n",
       "      <td>6259.480117</td>\n",
       "      <td>3140.979980</td>\n",
       "      <td>0.384757</td>\n",
       "      <td>1.613993</td>\n",
       "      <td>2141.008984</td>\n",
       "      <td>13545.209961</td>\n",
       "      <td>1624.500000</td>\n",
       "    </tr>\n",
       "    <tr>\n",
       "      <th>2019-12-01</th>\n",
       "      <td>6336.743662</td>\n",
       "      <td>3230.780029</td>\n",
       "      <td>0.403170</td>\n",
       "      <td>1.698799</td>\n",
       "      <td>2177.050977</td>\n",
       "      <td>13913.030273</td>\n",
       "      <td>1668.469971</td>\n",
       "    </tr>\n",
       "    <tr>\n",
       "      <th>2020-01-01</th>\n",
       "      <td>6154.720234</td>\n",
       "      <td>3225.520020</td>\n",
       "      <td>0.380163</td>\n",
       "      <td>1.637995</td>\n",
       "      <td>2205.415430</td>\n",
       "      <td>13614.099609</td>\n",
       "      <td>1614.060059</td>\n",
       "    </tr>\n",
       "  </tbody>\n",
       "</table>\n",
       "<p>241 rows × 7 columns</p>\n",
       "</div>"
      ],
      "text/plain": [
       "                  ^FCHI        ^GSPC     ^JKSE     ^KS11         ^MXX  \\\n",
       "Date                                                                    \n",
       "2000-01-01  5999.398662  1394.459961  0.040728  0.729619   329.283496   \n",
       "2000-02-01  6562.417559  1366.420044  0.036899  0.640338   368.427490   \n",
       "2000-03-01  6663.212793  1498.579956  0.037330  0.665507   373.662500   \n",
       "2000-04-01  6804.903428  1452.430054  0.033711  0.560726   332.034009   \n",
       "2000-05-01  6811.835352  1420.599976  0.029077  0.565743   298.057007   \n",
       "...                 ...          ...       ...       ...          ...   \n",
       "2019-09-01  6018.457441  2976.739990  0.394823  1.594738  2150.563477   \n",
       "2019-10-01  6073.651455  3037.560059  0.398612  1.610530  2166.864063   \n",
       "2019-11-01  6259.480117  3140.979980  0.384757  1.613993  2141.008984   \n",
       "2019-12-01  6336.743662  3230.780029  0.403170  1.698799  2177.050977   \n",
       "2020-01-01  6154.720234  3225.520020  0.380163  1.637995  2205.415430   \n",
       "\n",
       "                    ^NYA         ^RUT  \n",
       "Date                                   \n",
       "2000-01-01   6574.009766   496.230011  \n",
       "2000-02-01   6266.419922   577.710022  \n",
       "2000-03-01   6848.609863   539.090027  \n",
       "2000-04-01   6811.169922   506.250000  \n",
       "2000-05-01   6805.250000   476.179993  \n",
       "...                  ...          ...  \n",
       "2019-09-01  13004.740234  1523.369995  \n",
       "2019-10-01  13171.809570  1562.449951  \n",
       "2019-11-01  13545.209961  1624.500000  \n",
       "2019-12-01  13913.030273  1668.469971  \n",
       "2020-01-01  13614.099609  1614.060059  \n",
       "\n",
       "[241 rows x 7 columns]"
      ]
     },
     "execution_count": 149,
     "metadata": {},
     "output_type": "execute_result"
    }
   ],
   "source": [
    "data"
   ]
  },
  {
   "cell_type": "code",
   "execution_count": 150,
   "id": "ad7833f1",
   "metadata": {},
   "outputs": [],
   "source": [
    "a = {}"
   ]
  },
  {
   "cell_type": "code",
   "execution_count": 239,
   "id": "bf757634",
   "metadata": {},
   "outputs": [],
   "source": [
    "# 10 years sliding window\n",
    "sliding_windows_data = {}\n",
    "\n",
    "for j in range(11):\n",
    "    i=12 *j\n",
    "    returns = (data / data.shift(1))[1+i:12*10 +i] \n",
    "    logReturn = np.log(returns)\n",
    "    #var(aX) = a^2var(X), cov(aX, aX) = a^2 cov(X,X)\n",
    "    yearly_mean = 12 * logReturn.mean()\n",
    "    yearly_var = 12**2 * logReturn.var()\n",
    "    yearly_std = np.sqrt(yearly_var)\n",
    "    yearly_cov = 12**2 * logReturn.cov()\n",
    "\n",
    "    sliding_windows_data[str(j+1) +'_yearly_mean'] = yearly_mean\n",
    "    sliding_windows_data[str(j+1) +'_yearly_var'] = yearly_var\n",
    "    sliding_windows_data[str(j+1) +'_yearly_std'] = yearly_std\n",
    "    sliding_windows_data[str(j+1) +'_yearly_cov'] = yearly_cov"
   ]
  },
  {
   "cell_type": "code",
   "execution_count": 240,
   "id": "c557691b",
   "metadata": {},
   "outputs": [
    {
     "name": "stdout",
     "output_type": "stream",
     "text": [
      "SLIDING WINDOW  1\n",
      "^FCHI   -0.036619\n",
      "^GSPC   -0.022544\n",
      "^JKSE    0.139352\n",
      "^KS11    0.058306\n",
      "^MXX     0.159791\n",
      "^NYA     0.008961\n",
      "^RUT     0.023328\n",
      "dtype: float64\n",
      "____________________________________________________________\n",
      "SLIDING WINDOW  2\n",
      "^FCHI   -0.045908\n",
      "^GSPC   -0.008335\n",
      "^JKSE    0.218168\n",
      "^KS11    0.120982\n",
      "^MXX     0.179562\n",
      "^NYA     0.012764\n",
      "^RUT     0.043645\n",
      "dtype: float64\n",
      "____________________________________________________________\n",
      "SLIDING WINDOW  3\n",
      "^FCHI   -0.034796\n",
      "^GSPC    0.010771\n",
      "^JKSE    0.215360\n",
      "^KS11    0.089974\n",
      "^MXX     0.169155\n",
      "^NYA     0.020247\n",
      "^RUT     0.043126\n",
      "dtype: float64\n",
      "____________________________________________________________\n",
      "SLIDING WINDOW  4\n",
      "^FCHI    0.021639\n",
      "^GSPC    0.051513\n",
      "^JKSE    0.242833\n",
      "^KS11    0.122638\n",
      "^MXX     0.201011\n",
      "^NYA     0.055520\n",
      "^RUT     0.083205\n",
      "dtype: float64\n",
      "____________________________________________________________\n",
      "SLIDING WINDOW  5\n",
      "^FCHI    0.016751\n",
      "^GSPC    0.049521\n",
      "^JKSE    0.175096\n",
      "^KS11    0.087034\n",
      "^MXX     0.152377\n",
      "^NYA     0.046601\n",
      "^RUT     0.070081\n",
      "dtype: float64\n",
      "____________________________________________________________\n",
      "SLIDING WINDOW  6\n",
      "^FCHI    0.008851\n",
      "^GSPC    0.056025\n",
      "^JKSE    0.162292\n",
      "^KS11    0.072575\n",
      "^MXX     0.120221\n",
      "^NYA     0.042808\n",
      "^RUT     0.066333\n",
      "dtype: float64\n",
      "____________________________________________________________\n",
      "SLIDING WINDOW  7\n",
      "^FCHI   -0.006545\n",
      "^GSPC    0.047189\n",
      "^JKSE    0.132669\n",
      "^KS11    0.034010\n",
      "^MXX     0.082804\n",
      "^NYA     0.022604\n",
      "^RUT     0.044143\n",
      "dtype: float64\n",
      "____________________________________________________________\n",
      "SLIDING WINDOW  8\n",
      "^FCHI   -0.014394\n",
      "^GSPC    0.044625\n",
      "^JKSE    0.111260\n",
      "^KS11    0.040199\n",
      "^MXX     0.050867\n",
      "^NYA     0.017942\n",
      "^RUT     0.053253\n",
      "dtype: float64\n",
      "____________________________________________________________\n",
      "SLIDING WINDOW  9\n",
      "^FCHI    0.008775\n",
      "^GSPC    0.066796\n",
      "^JKSE    0.089083\n",
      "^KS11    0.042140\n",
      "^MXX     0.054340\n",
      "^NYA     0.034184\n",
      "^RUT     0.077316\n",
      "dtype: float64\n",
      "____________________________________________________________\n",
      "SLIDING WINDOW  10\n",
      "^FCHI    0.046809\n",
      "^GSPC    0.111966\n",
      "^JKSE    0.154939\n",
      "^KS11    0.056796\n",
      "^MXX     0.076167\n",
      "^NYA     0.079010\n",
      "^RUT     0.112137\n",
      "dtype: float64\n",
      "____________________________________________________________\n",
      "SLIDING WINDOW  11\n",
      "^FCHI    0.047310\n",
      "^GSPC    0.111071\n",
      "^JKSE    0.088822\n",
      "^KS11    0.031853\n",
      "^MXX     0.036256\n",
      "^NYA     0.070957\n",
      "^RUT     0.102790\n",
      "dtype: float64\n",
      "____________________________________________________________\n"
     ]
    }
   ],
   "source": [
    "#expected yearly returns:\n",
    "for j in range(11):\n",
    "    print(\"SLIDING WINDOW \", j+1)\n",
    "    print(sliding_windows_data[str(j+1) +'_yearly_mean'])\n",
    "    print(\"____________________________________________________________\")"
   ]
  },
  {
   "cell_type": "code",
   "execution_count": 241,
   "id": "2ad94457",
   "metadata": {},
   "outputs": [
    {
     "name": "stdout",
     "output_type": "stream",
     "text": [
      "SLIDING WINDOW  1\n",
      "          ^FCHI     ^GSPC     ^JKSE     ^KS11      ^MXX      ^NYA      ^RUT\n",
      "^FCHI  0.459596  0.329017  0.240472  0.383463  0.342218  0.319859  0.402715\n",
      "^GSPC  0.329017  0.322773  0.265728  0.358319  0.319210  0.312490  0.350575\n",
      "^JKSE  0.240472  0.265728  0.875803  0.502380  0.440234  0.295676  0.357704\n",
      "^KS11  0.383463  0.358319  0.502380  0.910074  0.485603  0.348800  0.435574\n",
      "^MXX   0.342218  0.319210  0.440234  0.485603  0.594206  0.309330  0.453657\n",
      "^NYA   0.319859  0.312490  0.295676  0.348800  0.309330  0.326133  0.341766\n",
      "^RUT   0.402715  0.350575  0.357704  0.435574  0.453657  0.341766  0.576767\n",
      "____________________________________________________________\n",
      "SLIDING WINDOW  2\n",
      "          ^FCHI     ^GSPC     ^JKSE     ^KS11      ^MXX      ^NYA      ^RUT\n",
      "^FCHI  0.476179  0.353584  0.286331  0.424755  0.339411  0.354973  0.414653\n",
      "^GSPC  0.353584  0.334595  0.281106  0.348661  0.308525  0.333949  0.386399\n",
      "^JKSE  0.286331  0.281106  0.802027  0.423144  0.391044  0.325093  0.383822\n",
      "^KS11  0.424755  0.348661  0.423144  0.719912  0.410630  0.360705  0.437216\n",
      "^MXX   0.339411  0.308525  0.391044  0.410630  0.485720  0.326721  0.399964\n",
      "^NYA   0.354973  0.333949  0.325093  0.360705  0.326721  0.350027  0.392489\n",
      "^RUT   0.414653  0.386399  0.383822  0.437216  0.399964  0.392489  0.556488\n",
      "____________________________________________________________\n",
      "SLIDING WINDOW  3\n",
      "          ^FCHI     ^GSPC     ^JKSE     ^KS11      ^MXX      ^NYA      ^RUT\n",
      "^FCHI  0.458219  0.336439  0.297923  0.390462  0.305171  0.355245  0.404540\n",
      "^GSPC  0.336439  0.316518  0.285538  0.312393  0.279778  0.330564  0.379973\n",
      "^JKSE  0.297923  0.285538  0.755890  0.422120  0.354598  0.337495  0.392610\n",
      "^KS11  0.390462  0.312393  0.422120  0.641283  0.347280  0.341980  0.396227\n",
      "^MXX   0.305171  0.279778  0.354598  0.347280  0.429173  0.310399  0.365935\n",
      "^NYA   0.355245  0.330564  0.337495  0.341980  0.310399  0.359744  0.402919\n",
      "^RUT   0.404540  0.379973  0.392610  0.396227  0.365935  0.402919  0.552856\n",
      "____________________________________________________________\n",
      "SLIDING WINDOW  4\n",
      "          ^FCHI     ^GSPC     ^JKSE     ^KS11      ^MXX      ^NYA      ^RUT\n",
      "^FCHI  0.364964  0.268408  0.283087  0.315808  0.245821  0.300074  0.341852\n",
      "^GSPC  0.268408  0.271478  0.284938  0.264775  0.241897  0.294595  0.341416\n",
      "^JKSE  0.283087  0.284938  0.685374  0.414246  0.331649  0.334503  0.363483\n",
      "^KS11  0.315808  0.264775  0.414246  0.557337  0.304111  0.302569  0.353929\n",
      "^MXX   0.245821  0.241897  0.331649  0.304111  0.387939  0.278792  0.320733\n",
      "^NYA   0.300074  0.294595  0.334503  0.302569  0.278792  0.332361  0.371749\n",
      "^RUT   0.341852  0.341416  0.363483  0.353929  0.320733  0.371749  0.498808\n",
      "____________________________________________________________\n",
      "SLIDING WINDOW  5\n",
      "          ^FCHI     ^GSPC     ^JKSE     ^KS11      ^MXX      ^NYA      ^RUT\n",
      "^FCHI  0.338813  0.257378  0.268756  0.275969  0.226007  0.287366  0.323742\n",
      "^GSPC  0.257378  0.267742  0.269105  0.242126  0.231909  0.288368  0.333770\n",
      "^JKSE  0.268756  0.269105  0.668802  0.405702  0.319039  0.315979  0.343001\n",
      "^KS11  0.275969  0.242126  0.405702  0.509079  0.286366  0.279323  0.318208\n",
      "^MXX   0.226007  0.231909  0.319039  0.286366  0.382395  0.268756  0.305328\n",
      "^NYA   0.287366  0.288368  0.315979  0.279323  0.268756  0.323717  0.361375\n",
      "^RUT   0.323742  0.333770  0.343001  0.318208  0.305328  0.361375  0.480804\n",
      "____________________________________________________________\n",
      "SLIDING WINDOW  6\n",
      "          ^FCHI     ^GSPC     ^JKSE     ^KS11      ^MXX      ^NYA      ^RUT\n",
      "^FCHI  0.348339  0.260944  0.263510  0.276095  0.220380  0.291074  0.322665\n",
      "^GSPC  0.260944  0.268467  0.265430  0.239740  0.226520  0.288893  0.332027\n",
      "^JKSE  0.263510  0.265430  0.634003  0.394174  0.312110  0.310586  0.333169\n",
      "^KS11  0.276095  0.239740  0.394174  0.487062  0.280594  0.275940  0.308342\n",
      "^MXX   0.220380  0.226520  0.312110  0.280594  0.375806  0.261968  0.290768\n",
      "^NYA   0.291074  0.288893  0.310586  0.275940  0.261968  0.324444  0.359608\n",
      "^RUT   0.322665  0.332027  0.333169  0.308342  0.290768  0.359608  0.482030\n",
      "____________________________________________________________\n",
      "SLIDING WINDOW  7\n",
      "          ^FCHI     ^GSPC     ^JKSE     ^KS11      ^MXX      ^NYA      ^RUT\n",
      "^FCHI  0.377505  0.275341  0.263257  0.256710  0.205578  0.301735  0.325100\n",
      "^GSPC  0.275341  0.282998  0.270687  0.230739  0.228784  0.301979  0.338211\n",
      "^JKSE  0.263257  0.270687  0.633586  0.369376  0.298094  0.315417  0.329829\n",
      "^KS11  0.256710  0.230739  0.369376  0.425593  0.231538  0.263678  0.285191\n",
      "^MXX   0.205578  0.228784  0.298094  0.231538  0.343033  0.259469  0.280220\n",
      "^NYA   0.301735  0.301979  0.315417  0.263678  0.259469  0.334743  0.363922\n",
      "^RUT   0.325100  0.338211  0.329829  0.285191  0.280220  0.363922  0.478529\n",
      "____________________________________________________________\n",
      "SLIDING WINDOW  8\n",
      "          ^FCHI     ^GSPC     ^JKSE     ^KS11      ^MXX      ^NYA      ^RUT\n",
      "^FCHI  0.383438  0.278087  0.248188  0.257397  0.190257  0.303190  0.330494\n",
      "^GSPC  0.278087  0.290832  0.259487  0.231802  0.218127  0.309244  0.352042\n",
      "^JKSE  0.248188  0.259487  0.595577  0.348169  0.267714  0.300738  0.310944\n",
      "^KS11  0.257397  0.231802  0.348169  0.411203  0.218332  0.263795  0.286640\n",
      "^MXX   0.190257  0.218127  0.267714  0.218332  0.311413  0.245671  0.261264\n",
      "^NYA   0.303190  0.309244  0.300738  0.263795  0.245671  0.341268  0.377049\n",
      "^RUT   0.330494  0.352042  0.310944  0.286640  0.261264  0.377049  0.503181\n",
      "____________________________________________________________\n",
      "SLIDING WINDOW  9\n",
      "          ^FCHI     ^GSPC     ^JKSE     ^KS11      ^MXX      ^NYA      ^RUT\n",
      "^FCHI  0.359539  0.258296  0.234280  0.229209  0.173371  0.282592  0.308201\n",
      "^GSPC  0.258296  0.277933  0.251731  0.213971  0.204353  0.296082  0.335568\n",
      "^JKSE  0.234280  0.251731  0.551169  0.307301  0.259923  0.289311  0.309257\n",
      "^KS11  0.229209  0.213971  0.307301  0.345961  0.196612  0.242290  0.267273\n",
      "^MXX   0.173371  0.204353  0.259923  0.196612  0.297859  0.231934  0.243206\n",
      "^NYA   0.282592  0.296082  0.289311  0.242290  0.231934  0.327609  0.361814\n",
      "^RUT   0.308201  0.335568  0.309257  0.267273  0.243206  0.361814  0.484035\n",
      "____________________________________________________________\n",
      "SLIDING WINDOW  10\n",
      "          ^FCHI     ^GSPC     ^JKSE     ^KS11      ^MXX      ^NYA      ^RUT\n",
      "^FCHI  0.303618  0.193248  0.138310  0.182263  0.130757  0.212040  0.233170\n",
      "^GSPC  0.193248  0.212647  0.137468  0.156679  0.140330  0.220399  0.258511\n",
      "^JKSE  0.138310  0.137468  0.299556  0.168830  0.134725  0.153246  0.166332\n",
      "^KS11  0.182263  0.156679  0.168830  0.260638  0.138588  0.171685  0.203861\n",
      "^MXX   0.130757  0.140330  0.134725  0.138588  0.231425  0.157230  0.162545\n",
      "^NYA   0.212040  0.220399  0.153246  0.171685  0.157230  0.239974  0.271490\n",
      "^RUT   0.233170  0.258511  0.166332  0.203861  0.162545  0.271490  0.390661\n",
      "____________________________________________________________\n",
      "SLIDING WINDOW  11\n",
      "          ^FCHI     ^GSPC     ^JKSE     ^KS11      ^MXX      ^NYA      ^RUT\n",
      "^FCHI  0.264119  0.165104  0.087340  0.137924  0.078971  0.176847  0.191605\n",
      "^GSPC  0.165104  0.184659  0.095331  0.122444  0.089618  0.187070  0.226417\n",
      "^JKSE  0.087340  0.095331  0.219734  0.107089  0.070806  0.102036  0.106858\n",
      "^KS11  0.137924  0.122444  0.107089  0.208146  0.085804  0.133143  0.154037\n",
      "^MXX   0.078971  0.089618  0.070806  0.085804  0.168332  0.098251  0.101730\n",
      "^NYA   0.176847  0.187070  0.102036  0.133143  0.098251  0.199268  0.234638\n",
      "^RUT   0.191605  0.226417  0.106858  0.154037  0.101730  0.234638  0.346177\n",
      "____________________________________________________________\n"
     ]
    }
   ],
   "source": [
    "#cov_matrices:\n",
    "for j in range(11):\n",
    "    print(\"SLIDING WINDOW \", j+1)\n",
    "    print(sliding_windows_data[str(j+1) +'_yearly_cov'])\n",
    "    print(\"____________________________________________________________\")"
   ]
  },
  {
   "cell_type": "code",
   "execution_count": 242,
   "id": "9ef469d5",
   "metadata": {},
   "outputs": [
    {
     "data": {
