{
 "cells": [
  {
   "cell_type": "code",
   "execution_count": 1,
   "id": "2a500609",
   "metadata": {},
   "outputs": [],
   "source": [
    "import pandas as pd\n",
    "from pandas_datareader import data as pdr\n",
    "import yfinance as yf\n",
    "import datetime as dt\n",
    "import numpy as np\n",
    "import matplotlib.pyplot as plt\n",
    "\n",
    "yf.pdr_override()\n",
    "\n",
    "y_symbols = ['^GSPC', '^MXX', '^FCHI','^NYA','^JKSE', '^RUT','^KS11' ]\n",
    "#y_symbols = ['AAPL', 'MSFT', 'KO', 'PEP', 'GE', 'GM', 'F' ]\n",
    "\n",
    "start_date = dt.datetime(2000,1,1)\n",
    "end_date = dt.datetime(2020,1,2)\n"
   ]
  },
  {
   "cell_type": "code",
   "execution_count": 2,
   "id": "ff54fc99",
   "metadata": {},
   "outputs": [],
   "source": [
    "def convert_to_USD(index_data, currency):\n",
    "    # get historical conversion rate to USD\n",
    "    tckr = yf.Ticker(currency+\"USD=X\")\n",
    "    df = tckr.history(start=start_date, end=end_date)\n",
    "    # fixing stupid error in the data\n",
    "    if currency==\"IDR\":\n",
    "        df.loc[\"2010-11-01\"]=df.loc[\"2010-11-02\"]\n",
    "    currency_data = df.resample('BMS').first()\n",
    "    \n",
    "    # convert the data\n",
    "    for item in index_data.items():\n",
    "        closest_date = currency_data.index[currency_data.index.get_loc(item[0], method='nearest')]\n",
    "        #print(item[0])\n",
    "        #print(\"closest date: \" + str(closest_date))\n",
    "        #print(\"before: \" + str(item[1]))\n",
    "        exchange_rate = currency_data.loc[closest_date][\"Open\"]\n",
    "        #print(\"exchange_rate: \" + str(exchange_rate))\n",
    "        index_data[item[0]] = item[1]*exchange_rate\n",
    "        #print(\"after: \" + str(index_data[item[0]]))\n",
    "        #print(\"________________________________\")\n",
    "    \n",
    "    return index_data"
   ]
  },
  {
   "cell_type": "code",
   "execution_count": 3,
   "id": "6ce307a7",
   "metadata": {},
   "outputs": [
    {
     "name": "stdout",
     "output_type": "stream",
     "text": [
      "[*********************100%***********************]  7 of 7 completed\n"
     ]
    },
    {
     "name": "stderr",
     "output_type": "stream",
     "text": [
      "C:\\Users\\fiori\\AppData\\Local\\Temp\\ipykernel_2724\\3324130515.py:12: FutureWarning: Indexing a timezone-aware DatetimeIndex with a timezone-naive datetime is deprecated and will raise KeyError in a future version. Use a timezone-aware object instead.\n",
      "  closest_date = currency_data.index[currency_data.index.get_loc(item[0], method='nearest')]\n",
      "C:\\Users\\fiori\\AppData\\Local\\Temp\\ipykernel_2724\\3324130515.py:12: FutureWarning: Passing method to DatetimeIndex.get_loc is deprecated and will raise in a future version. Use index.get_indexer([item], method=...) instead.\n",
      "  closest_date = currency_data.index[currency_data.index.get_loc(item[0], method='nearest')]\n",
      "C:\\Users\\fiori\\AppData\\Local\\Temp\\ipykernel_2724\\3324130515.py:12: FutureWarning: Indexing a timezone-aware DatetimeIndex with a timezone-naive datetime is deprecated and will raise KeyError in a future version. Use a timezone-aware object instead.\n",
      "  closest_date = currency_data.index[currency_data.index.get_loc(item[0], method='nearest')]\n",
      "C:\\Users\\fiori\\AppData\\Local\\Temp\\ipykernel_2724\\3324130515.py:12: FutureWarning: Passing method to DatetimeIndex.get_loc is deprecated and will raise in a future version. Use index.get_indexer([item], method=...) instead.\n",
      "  closest_date = currency_data.index[currency_data.index.get_loc(item[0], method='nearest')]\n",
      "C:\\Users\\fiori\\AppData\\Local\\Temp\\ipykernel_2724\\3324130515.py:12: FutureWarning: Indexing a timezone-aware DatetimeIndex with a timezone-naive datetime is deprecated and will raise KeyError in a future version. Use a timezone-aware object instead.\n",
      "  closest_date = currency_data.index[currency_data.index.get_loc(item[0], method='nearest')]\n",
      "C:\\Users\\fiori\\AppData\\Local\\Temp\\ipykernel_2724\\3324130515.py:12: FutureWarning: Passing method to DatetimeIndex.get_loc is deprecated and will raise in a future version. Use index.get_indexer([item], method=...) instead.\n",
      "  closest_date = currency_data.index[currency_data.index.get_loc(item[0], method='nearest')]\n",
      "C:\\Users\\fiori\\AppData\\Local\\Temp\\ipykernel_2724\\3324130515.py:12: FutureWarning: Indexing a timezone-aware DatetimeIndex with a timezone-naive datetime is deprecated and will raise KeyError in a future version. Use a timezone-aware object instead.\n",
      "  closest_date = currency_data.index[currency_data.index.get_loc(item[0], method='nearest')]\n",
      "C:\\Users\\fiori\\AppData\\Local\\Temp\\ipykernel_2724\\3324130515.py:12: FutureWarning: Passing method to DatetimeIndex.get_loc is deprecated and will raise in a future version. Use index.get_indexer([item], method=...) instead.\n",
      "  closest_date = currency_data.index[currency_data.index.get_loc(item[0], method='nearest')]\n"
     ]
    }
   ],
   "source": [
    "data = pdr.get_data_yahoo(y_symbols, start=start_date, end=end_date, interval='1mo')['Adj Close']\n",
    "\n",
    "data[\"^FCHI\"] = convert_to_USD(data[\"^FCHI\"], \"EUR\")\n",
    "data[\"^MXX\"] = convert_to_USD(data[\"^MXX\"], \"MXN\")\n",
    "data[\"^JKSE\"] = convert_to_USD(data[\"^JKSE\"], \"IDR\")\n",
    "data[\"^KS11\"] = convert_to_USD(data[\"^KS11\"], \"KRW\")\n"
   ]
  },
  {
   "cell_type": "code",
   "execution_count": 4,
   "id": "bf757634",
   "metadata": {},
   "outputs": [
    {
     "name": "stdout",
     "output_type": "stream",
     "text": [
      "               ^FCHI     ^GSPC     ^JKSE     ^KS11      ^MXX      ^NYA  \\\n",
      "Date                                                                     \n",
      "2000-02-01  0.089700 -0.020313 -0.098735 -0.130527  0.112325 -0.047919   \n",
      "2000-03-01  0.015243  0.092324  0.011612  0.038553  0.014109  0.088840   \n",
      "2000-04-01  0.021042 -0.031280 -0.101959 -0.171315 -0.118116 -0.005482   \n",
      "2000-05-01  0.001018 -0.022159 -0.147884  0.008907 -0.107953 -0.000870   \n",
      "2000-06-01  0.003151  0.023652  0.125563  0.115174  0.153240 -0.001041   \n",
      "...              ...       ...       ...       ...       ...       ...   \n",
      "2009-08-01  0.090857  0.033009  0.059533  0.069672  0.037463  0.033515   \n",
      "2009-09-01  0.024293  0.035100  0.006958  0.022326  0.027216  0.039497   \n",
      "2009-10-01 -0.028262 -0.019960 -0.000892  0.016947 -0.032213 -0.025119   \n",
      "2009-11-01  0.031412  0.055779  0.029944 -0.021167  0.097227  0.051040   \n",
      "2009-12-01  0.088979  0.017615  0.075776  0.081677  0.061902  0.012972   \n",
      "\n",
      "                ^RUT  \n",
      "Date                  \n",
      "2000-02-01  0.152032  \n",
      "2000-03-01 -0.069189  \n",
      "2000-04-01 -0.062852  \n",
      "2000-05-01 -0.061235  \n",
      "2000-06-01  0.082692  \n",
      "...              ...  \n",
      "2009-08-01  0.027217  \n",
      "2009-09-01  0.054776  \n",
      "2009-10-01 -0.071167  \n",
      "2009-11-01  0.029691  \n",
      "2009-12-01  0.075813  \n",
      "\n",
      "[119 rows x 7 columns]\n",
      "               ^FCHI     ^GSPC     ^JKSE     ^KS11      ^MXX      ^NYA  \\\n",
      "Date                                                                     \n",
      "2001-02-01 -0.111149 -0.096831  0.006298 -0.066596 -0.074228 -0.056890   \n",
      "2001-03-01 -0.035467 -0.066359 -0.116900 -0.099745 -0.051748 -0.051180   \n",
      "2001-04-01  0.084997  0.074007 -0.061750  0.098464  0.044285  0.063687   \n",
      "2001-05-01 -0.033505  0.005077  0.124835  0.058528  0.096739  0.010718   \n",
      "2001-06-01 -0.042866 -0.025354  0.075335 -0.028214  0.010675 -0.031521   \n",
      "...              ...       ...       ...       ...       ...       ...   \n",
      "2010-08-01  0.022792 -0.048612  0.019003  0.027560  0.002888 -0.043039   \n",
      "2010-09-01  0.033236  0.083928  0.115899  0.057366  0.006282  0.082551   \n",
      "2010-10-01  0.102615  0.036193  0.046546  0.059078  0.113044  0.031404   \n",
      "2010-11-01 -0.037117 -0.002293 -0.026121  0.024907  0.054244 -0.011029   \n",
      "2010-12-01 -0.017606  0.063256  0.033092  0.039865  0.035334  0.069282   \n",
      "\n",
      "                ^RUT  \n",
      "Date                  \n",
      "2001-02-01 -0.069163  \n",
      "2001-03-01 -0.051563  \n",
      "2001-04-01  0.074384  \n",
      "2001-05-01  0.022775  \n",
      "2001-06-01  0.031990  \n",
      "...              ...  \n",
      "2010-08-01 -0.077984  \n",
      "2010-09-01  0.116043  \n",
      "2010-10-01  0.039454  \n",
      "2010-11-01  0.033086  \n",
      "2010-12-01  0.075022  \n",
      "\n",
      "[119 rows x 7 columns]\n",
      "               ^FCHI     ^GSPC     ^JKSE     ^KS11      ^MXX      ^NYA  \\\n",
      "Date                                                                     \n",
      "2002-02-01  0.000251 -0.020985  0.014156  0.091796 -0.028318  0.000173   \n",
      "2002-03-01  0.049191  0.036080  0.084065  0.088179  0.089078  0.037036   \n",
      "2002-04-01 -0.049247 -0.063385  0.131687 -0.061288  0.016019 -0.044705   \n",
      "2002-05-01 -0.043063 -0.009123  0.045658 -0.056082 -0.061912 -0.005939   \n",
      "2002-06-01 -0.092239 -0.075214  0.033848 -0.069783 -0.084644 -0.068350   \n",
      "...              ...       ...       ...       ...       ...       ...   \n",
      "2011-08-01 -0.129261 -0.058468 -0.063053 -0.114050 -0.006024 -0.070641   \n",
      "2011-09-01 -0.087477 -0.074467 -0.081313 -0.070828 -0.116776 -0.102987   \n",
      "2011-10-01  0.010711  0.102307  0.031040 -0.032058 -0.044840  0.107624   \n",
      "2011-11-01  0.009423 -0.005072 -0.029510  0.028553  0.059439 -0.010484   \n",
      "2011-12-01 -0.029290  0.008497  0.008056 -0.033032 -0.013678 -0.000999   \n",
      "\n",
      "                ^RUT  \n",
      "Date                  \n",
      "2002-02-01 -0.028854  \n",
      "2002-03-01  0.076075  \n",
      "2002-04-01  0.008278  \n",
      "2002-05-01 -0.046495  \n",
      "2002-06-01 -0.052280  \n",
      "...              ...  \n",
      "2011-08-01 -0.092227  \n",
      "2011-09-01 -0.120718  \n",
      "2011-10-01  0.140134  \n",
      "2011-11-01 -0.004924  \n",
      "2011-12-01  0.004735  \n",
      "\n",
      "[119 rows x 7 columns]\n",
      "               ^FCHI     ^GSPC     ^JKSE     ^KS11      ^MXX      ^NYA  \\\n",
      "Date                                                                     \n",
      "2003-02-01 -0.064608 -0.017150  0.032424 -0.028153 -0.004594 -0.031847   \n",
      "2003-03-01 -0.050493  0.008323 -0.009509 -0.071543 -0.002201  0.002994   \n",
      "2003-04-01  0.120462  0.077927  0.128342  0.112271  0.095994  0.081440   \n",
      "2003-05-01  0.012810  0.049646  0.117400  0.055288  0.028664  0.057518   \n",
      "2003-06-01  0.030401  0.011259       NaN  0.056040  0.051750  0.012760   \n",
      "...              ...       ...       ...       ...       ...       ...   \n",
      "2012-08-01  0.007157  0.019571 -0.024440  0.019274 -0.039085  0.019020   \n",
      "2012-09-01  0.005541  0.023947  0.032981  0.043699  0.046892  0.029028   \n",
      "2012-10-01  0.040047 -0.019988  0.017501 -0.013411  0.043612 -0.003594   \n",
      "2012-11-01  0.048942  0.002843 -0.015788  0.020710 -0.010237  0.004736   \n",
      "2012-12-01  0.025748  0.007043  0.005945  0.063522  0.053700  0.021921   \n",
      "\n",
      "                ^RUT  \n",
      "Date                  \n",
      "2003-02-01 -0.031803  \n",
      "2003-03-01  0.011089  \n",
      "2003-04-01  0.089523  \n",
      "2003-05-01  0.100886  \n",
      "2003-06-01  0.016574  \n",
      "...              ...  \n",
      "2012-08-01  0.031459  \n",
      "2012-09-01  0.030750  \n",
      "2012-10-01 -0.022607  \n",
      "2012-11-01  0.003889  \n",
      "2012-12-01  0.032828  \n",
      "\n",
      "[119 rows x 7 columns]\n",
      "               ^FCHI     ^GSPC     ^JKSE     ^KS11      ^MXX      ^NYA  \\\n",
      "Date                                                                     \n",
      "2004-02-01  0.014531  0.012135  0.008202  0.058283  0.072567  0.021254   \n",
      "2004-03-01 -0.022227 -0.016494 -0.027445 -0.002114  0.051728 -0.014041   \n",
      "2004-04-01 -0.004837 -0.016933  0.038942 -0.018120 -0.061518 -0.024489   \n",
      "2004-05-01 -0.027429  0.012011 -0.075526 -0.066791 -0.016396  0.007010   \n",
      "2004-06-01  0.034065  0.017829 -0.067184 -0.020815  0.024258  0.018074   \n",
      "...              ...       ...       ...       ...       ...       ...   \n",
      "2013-08-01  0.006962 -0.031798 -0.129138  0.009233 -0.015589 -0.030611   \n",
      "2013-09-01  0.044901  0.029316 -0.032571  0.043756 -0.029141  0.037119   \n",
      "2013-10-01  0.060786  0.043630 -0.014487  0.049887  0.041090  0.039575   \n",
      "2013-11-01  0.002950  0.027663 -0.031070  0.019201  0.040038  0.017194   \n",
      "2013-12-01  0.000675  0.023289 -0.029075 -0.013559 -0.003388  0.021094   \n",
      "\n",
      "                ^RUT  \n",
      "Date                  \n",
      "2004-02-01  0.008231  \n",
      "2004-03-01  0.008079  \n",
      "2004-04-01 -0.053068  \n",
      "2004-05-01  0.015035  \n",
      "2004-06-01  0.040081  \n",
      "...              ...  \n",
      "2013-08-01 -0.033425  \n",
      "2013-09-01  0.060353  \n",
      "2013-10-01  0.024252  \n",
      "2013-11-01  0.038114  \n",
      "2013-12-01  0.017993  \n",
      "\n",
      "[119 rows x 7 columns]\n",
      "               ^FCHI     ^GSPC     ^JKSE     ^KS11      ^MXX      ^NYA  \\\n",
      "Date                                                                     \n",
      "2005-02-01 -0.011302  0.018727  0.047383  0.098648  0.049088  0.032117   \n",
      "2005-03-01  0.022894 -0.019303 -0.004975 -0.024541 -0.077194 -0.021217   \n",
      "2005-04-01 -0.058291 -0.020314 -0.069862 -0.070827 -0.036095 -0.022463   \n",
      "2005-05-01  0.043855  0.029512  0.045734  0.082594  0.062773  0.017820   \n",
      "2005-06-01 -0.017855 -0.000143  0.036124  0.028398  0.053748  0.011629   \n",
      "...              ...       ...       ...       ...       ...       ...   \n",
      "2014-08-01  0.008976  0.036964  0.009400 -0.023668  0.021860  0.029384   \n",
      "2014-09-01 -0.011778 -0.015635  0.016761 -0.005488 -0.002843 -0.031577   \n",
      "2014-10-01 -0.081072  0.022936 -0.050113 -0.070887 -0.025255  0.013187   \n",
      "2014-11-01  0.026423  0.024237  0.017550  0.014812 -0.023046  0.010129   \n",
      "2014-12-01 -0.032350 -0.004197  0.003358 -0.068425 -0.057304 -0.010661   \n",
      "\n",
      "                ^RUT  \n",
      "Date                  \n",
      "2005-02-01  0.015961  \n",
      "2005-03-01 -0.030407  \n",
      "2005-04-01 -0.059778  \n",
      "2005-05-01  0.062440  \n",
      "2005-06-01  0.036538  \n",
      "...              ...  \n",
      "2014-08-01  0.047324  \n",
      "2014-09-01 -0.063878  \n",
      "2014-10-01  0.063163  \n",
      "2014-11-01 -0.000239  \n",
      "2014-12-01  0.026470  \n",
      "\n",
      "[119 rows x 7 columns]\n",
      "               ^FCHI     ^GSPC     ^JKSE     ^KS11      ^MXX      ^NYA  \\\n",
      "Date                                                                     \n",
      "2006-02-01  0.036142  0.000453  0.045581  0.032285  0.007218 -0.005683   \n",
      "2006-03-01  0.024858  0.011035  0.085541 -0.013683  0.026020  0.021186   \n",
      "2006-04-01  0.009734  0.012082  0.123655  0.031994  0.031232  0.028525   \n",
      "2006-05-01 -0.010317 -0.031405 -0.066846  0.000092 -0.114875 -0.033894   \n",
      "2006-06-01  0.022253  0.000087 -0.070539 -0.064120  0.003002 -0.002450   \n",
      "...              ...       ...       ...       ...       ...       ...   \n",
      "2015-08-01 -0.103343 -0.064625 -0.072994 -0.085717 -0.048914 -0.067055   \n",
      "2015-09-01 -0.020251 -0.026799 -0.105782 -0.003874 -0.063371 -0.037730   \n",
      "2015-10-01  0.089805  0.079719  0.011255  0.032087  0.034104  0.065299   \n",
      "2015-11-01 -0.001042  0.000505  0.070463  0.019577 -0.000114 -0.004923   \n",
      "2015-12-01 -0.108707 -0.017686  0.016765 -0.033770 -0.015099 -0.025902   \n",
      "\n",
      "                ^RUT  \n",
      "Date                  \n",
      "2006-02-01 -0.003498  \n",
      "2006-03-01  0.046138  \n",
      "2006-04-01 -0.000785  \n",
      "2006-05-01 -0.058621  \n",
      "2006-06-01  0.005063  \n",
      "...              ...  \n",
      "2015-08-01 -0.066101  \n",
      "2015-09-01 -0.052009  \n",
      "2015-10-01  0.054085  \n",
      "2015-11-01  0.030723  \n",
      "2015-12-01 -0.053329  \n",
      "\n",
      "[119 rows x 7 columns]\n",
      "               ^FCHI     ^GSPC     ^JKSE     ^KS11      ^MXX      ^NYA  \\\n",
      "Date                                                                     \n",
      "2007-02-01 -0.029806 -0.022088 -0.014919  0.000393 -0.055943 -0.014167   \n",
      "2007-03-01  0.036784  0.009931  0.040209  0.019572  0.060454  0.014933   \n",
      "2007-04-01  0.065893  0.042380  0.092502  0.055724  0.020086  0.038747   \n",
      "2007-05-01  0.045785  0.032031  0.039459  0.099946  0.085455  0.035799   \n",
      "2007-06-01 -0.022670 -0.017977  0.057643  0.029226  0.013168 -0.010641   \n",
      "...              ...       ...       ...       ...       ...       ...   \n",
      "2016-08-01  0.005399 -0.001220  0.038195  0.046698 -0.004912 -0.001927   \n",
      "2016-09-01  0.001400 -0.001235 -0.020361  0.000537 -0.008178 -0.004003   \n",
      "2016-10-01  0.020562 -0.019617  0.034485 -0.006457 -0.015947 -0.022625   \n",
      "2016-11-01 -0.008447  0.033604 -0.055706 -0.048569 -0.029008  0.033452   \n",
      "2016-12-01  0.024817  0.018037 -0.013455 -0.008581 -0.079454  0.019954   \n",
      "\n",
      "                ^RUT  \n",
      "Date                  \n",
      "2007-02-01 -0.008835  \n",
      "2007-03-01  0.009297  \n",
      "2007-04-01  0.017162  \n",
      "2007-05-01  0.039253  \n",
      "2007-06-01 -0.016040  \n",
      "...              ...  \n",
      "2016-08-01  0.016237  \n",
      "2016-09-01  0.009424  \n",
      "2016-10-01 -0.049342  \n",
      "2016-11-01  0.104282  \n",
      "2016-12-01  0.025969  \n",
      "\n",
      "[119 rows x 7 columns]\n",
      "               ^FCHI     ^GSPC     ^JKSE     ^KS11      ^MXX      ^NYA  \\\n",
      "Date                                                                     \n",
      "2008-02-01  0.001591 -0.035380  0.062126  0.036215  0.010299 -0.018100   \n",
      "2008-03-01  0.004827 -0.005977 -0.086725  0.015459  0.076839 -0.018601   \n",
      "2008-04-01  0.086537  0.046451 -0.079403  0.005801 -0.005998  0.055528   \n",
      "2008-05-01 -0.005396  0.010618  0.033462 -0.014831  0.060927  0.010853   \n",
      "2008-06-01 -0.117255 -0.089884 -0.027922 -0.115908 -0.067637 -0.082054   \n",
      "...              ...       ...       ...       ...       ...       ...   \n",
      "2017-08-01  0.032678  0.000546  0.004101  0.006445  0.019893 -0.007715   \n",
      "2017-09-01  0.054262  0.019119  0.004301  0.010284 -0.021754  0.027693   \n",
      "2017-10-01  0.023326  0.021946  0.006874  0.032328 -0.053656  0.010741   \n",
      "2017-11-01 -0.037300  0.027696 -0.015413  0.005592 -0.082546  0.022973   \n",
      "2017-12-01  0.009744  0.009784  0.066406  0.023449  0.074568  0.014235   \n",
      "\n",
      "                ^RUT  \n",
      "Date                  \n",
      "2008-02-01 -0.038762  \n",
      "2008-03-01  0.002605  \n",
      "2008-04-01  0.040186  \n",
      "2008-05-01  0.043846  \n",
      "2008-06-01 -0.081579  \n",
      "...              ...  \n",
      "2017-08-01 -0.014033  \n",
      "2017-09-01  0.059117  \n",
      "2017-10-01  0.007797  \n",
      "2017-11-01  0.027317  \n",
      "2017-12-01 -0.005605  \n",
      "\n",
      "[119 rows x 7 columns]\n",
      "               ^FCHI     ^GSPC     ^JKSE     ^KS11      ^MXX      ^NYA  \\\n",
      "Date                                                                     \n",
      "2009-02-01 -0.187493 -0.116457 -0.057506 -0.198724 -0.136864 -0.118097   \n",
      "2009-03-01  0.025785  0.081953  0.048405  0.021113  0.031541  0.075473   \n",
      "2009-04-01  0.168351  0.089772  0.227871  0.240147  0.189415  0.101949   \n",
      "2009-05-01  0.035689  0.051721  0.185599  0.092346  0.129775  0.085263   \n",
      "2009-06-01  0.022042  0.000196  0.106710  0.015179  0.052093 -0.016613   \n",
      "...              ...       ...       ...       ...       ...       ...   \n",
      "2018-08-01 -0.018176  0.029814  0.007442  0.012994  0.056400  0.004127   \n",
      "2018-09-01  0.008072  0.004285 -0.028531  0.007065 -0.024350  0.005029   \n",
      "2018-10-01 -0.075053 -0.071929 -0.036629 -0.138399 -0.095944 -0.069181   \n",
      "2018-11-01 -0.043135  0.017702  0.018233  0.004174 -0.136103  0.020230   \n",
      "2018-12-01 -0.053681 -0.096265  0.083644 -0.005722  0.004993 -0.090963   \n",
      "\n",
      "                ^RUT  \n",
      "Date                  \n",
      "2009-02-01 -0.131135  \n",
      "2009-03-01  0.083150  \n",
      "2009-04-01  0.142632  \n",
      "2009-05-01  0.028350  \n",
      "2009-06-01  0.013269  \n",
      "...              ...  \n",
      "2018-08-01  0.041013  \n",
      "2018-09-01 -0.025708  \n",
      "2018-10-01 -0.115566  \n",
      "2018-11-01  0.014360  \n",
      "2018-12-01 -0.128365  \n",
      "\n",
      "[119 rows x 7 columns]\n",
      "               ^FCHI     ^GSPC     ^JKSE     ^KS11      ^MXX      ^NYA  \\\n",
      "Date                                                                     \n",
      "2010-02-01 -0.040224  0.028115 -0.016782 -0.001953  0.040121  0.021735   \n",
      "2010-03-01  0.052130  0.057133  0.088670  0.072518  0.074226  0.057015   \n",
      "2010-04-01 -0.050224  0.014651  0.092556  0.029869  0.014845  0.003565   \n",
      "2010-05-01 -0.098359 -0.085532 -0.050470 -0.017635 -0.015154 -0.095802   \n",
      "2010-06-01 -0.099478 -0.055388  0.010988 -0.066385 -0.077521 -0.048560   \n",
      "...              ...       ...       ...       ...       ...       ...   \n",
      "2019-08-01 -0.032964 -0.018257 -0.012866 -0.054751  0.042244 -0.025558   \n",
      "2019-09-01  0.028000  0.017035 -0.026423  0.027931 -0.039842  0.020812   \n",
      "2019-10-01  0.000745  0.020226  0.006461  0.020009  0.025710  0.012765   \n",
      "2019-11-01  0.053436  0.033480 -0.028611  0.026625  0.013521  0.027954   \n",
      "2019-12-01 -0.000216  0.028189  0.065235  0.042899  0.001167  0.026793   \n",
      "\n",
      "                ^RUT  \n",
      "Date                  \n",
      "2010-02-01  0.043108  \n",
      "2010-03-01  0.076659  \n",
      "2010-04-01  0.054427  \n",
      "2010-05-01 -0.079842  \n",
      "2010-06-01 -0.082054  \n",
      "...              ...  \n",
      "2019-08-01 -0.051988  \n",
      "2019-09-01  0.018906  \n",
      "2019-10-01  0.025330  \n",
      "2019-11-01  0.038945  \n",
      "2019-12-01  0.026707  \n",
      "\n",
      "[119 rows x 7 columns]\n"
     ]
    }
   ],
   "source": [
    "# 10 years sliding window\n",
    "sliding_windows_data = {}\n",
    "\n",
    "for j in range(11):\n",
    "    i=12*j\n",
    "    returns = (data / data.shift(1))[1+i:12*10+i]\n",
    "    logReturn = np.log(returns)\n",
    "    #var(aX) = a^2var(X), cov(aX, aX) = a^2 cov(X,X)\n",
    "    print(logReturn)\n",
    "    yearly_mean = 12 * logReturn.mean()\n",
    "    yearly_var = 12 * logReturn.var()\n",
    "    yearly_std = np.sqrt(yearly_var)\n",
    "    yearly_cov = 12 * logReturn.cov()\n",
    "\n",
    "    dates = (data.index[i], data.index[12*10+i])\n",
    "\n",
    "    sliding_windows_data[str(j+1) +'_yearly_mean'] = yearly_mean\n",
    "    sliding_windows_data[str(j+1) +'_yearly_var'] = yearly_var\n",
    "    sliding_windows_data[str(j+1) +'_yearly_std'] = yearly_std\n",
    "    sliding_windows_data[str(j+1) +'_yearly_cov'] = yearly_cov\n",
    "    sliding_windows_data[str(j+1) +'_dates'] = dates\n",
    "    \n",
    "    "
   ]
  },
  {
   "cell_type": "code",
   "execution_count": 5,
   "id": "c557691b",
   "metadata": {},
   "outputs": [
    {
     "name": "stdout",
     "output_type": "stream",
     "text": [
      "SLIDING WINDOW  1\n",
      "^FCHI   -0.014171\n",
      "^GSPC   -0.022544\n",
      "^JKSE    0.131009\n",
      "^KS11    0.061436\n",
      "^MXX     0.145157\n",
      "^NYA     0.008961\n",
      "^RUT     0.023328\n",
      "dtype: float64\n",
      "____________________________________________________________\n",
      "SLIDING WINDOW  2\n",
      "^FCHI   -0.038160\n",
      "^GSPC   -0.008335\n",
      "^JKSE    0.218437\n",
      "^KS11    0.124104\n",
      "^MXX     0.168452\n",
      "^NYA     0.012764\n",
      "^RUT     0.043645\n",
      "dtype: float64\n",
      "____________________________________________________________\n",
      "SLIDING WINDOW  3\n",
      "^FCHI   -0.023635\n",
      "^GSPC    0.010771\n",
      "^JKSE    0.205159\n",
      "^KS11    0.094875\n",
      "^MXX     0.149197\n",
      "^NYA     0.020247\n",
      "^RUT     0.043126\n",
      "dtype: float64\n",
      "____________________________________________________________\n",
      "SLIDING WINDOW  4\n",
      "^FCHI    0.029403\n",
      "^GSPC    0.051513\n",
      "^JKSE    0.211405\n",
      "^KS11    0.135330\n",
      "^MXX     0.186215\n",
      "^NYA     0.055520\n",
      "^RUT     0.083205\n",
      "dtype: float64\n",
      "____________________________________________________________\n",
      "SLIDING WINDOW  5\n",
      "^FCHI    0.024433\n",
      "^GSPC    0.049521\n",
      "^JKSE    0.142523\n",
      "^KS11    0.099046\n",
      "^MXX     0.136537\n",
      "^NYA     0.046601\n",
      "^RUT     0.070081\n",
      "dtype: float64\n",
      "____________________________________________________________\n",
      "SLIDING WINDOW  6\n",
      "^FCHI   -0.000015\n",
      "^GSPC    0.056025\n",
      "^JKSE    0.135044\n",
      "^KS11    0.068375\n",
      "^MXX     0.097493\n",
      "^NYA     0.042808\n",
      "^RUT     0.066333\n",
      "dtype: float64\n",
      "____________________________________________________________\n",
      "SLIDING WINDOW  7\n",
      "^FCHI   -0.017976\n",
      "^GSPC    0.047189\n",
      "^JKSE    0.097952\n",
      "^KS11    0.018966\n",
      "^MXX     0.038064\n",
      "^NYA     0.022604\n",
      "^RUT     0.044143\n",
      "dtype: float64\n",
      "____________________________________________________________\n",
      "SLIDING WINDOW  8\n",
      "^FCHI   -0.036574\n",
      "^GSPC    0.044625\n",
      "^JKSE    0.069628\n",
      "^KS11    0.011640\n",
      "^MXX    -0.014532\n",
      "^NYA     0.017942\n",
      "^RUT     0.053253\n",
      "dtype: float64\n",
      "____________________________________________________________\n",
      "SLIDING WINDOW  9\n",
      "^FCHI   -0.011860\n",
      "^GSPC    0.066796\n",
      "^JKSE    0.052916\n",
      "^KS11    0.025996\n",
      "^MXX     0.000039\n",
      "^NYA     0.034184\n",
      "^RUT     0.077316\n",
      "dtype: float64\n",
      "____________________________________________________________\n",
      "SLIDING WINDOW  10\n",
      "^FCHI    0.025721\n",
      "^GSPC    0.111966\n",
      "^JKSE    0.129967\n",
      "^KS11    0.067513\n",
      "^MXX     0.037634\n",
      "^NYA     0.079010\n",
      "^RUT     0.112137\n",
      "dtype: float64\n",
      "____________________________________________________________\n",
      "SLIDING WINDOW  11\n",
      "^FCHI    0.020824\n",
      "^GSPC    0.111071\n",
      "^JKSE    0.049905\n",
      "^KS11    0.029519\n",
      "^MXX    -0.004293\n",
      "^NYA     0.070957\n",
      "^RUT     0.102790\n",
      "dtype: float64\n",
      "____________________________________________________________\n"
     ]
    }
   ],
   "source": [
    "#expected yearly returns:\n",
    "for j in range(11):\n",
    "    print(\"SLIDING WINDOW \", j+1)\n",
    "    print(sliding_windows_data[str(j+1) +'_yearly_mean'])\n",
    "    print(\"____________________________________________________________\")"
   ]
  },
  {
   "cell_type": "code",
   "execution_count": 6,
   "id": "2ad94457",
   "metadata": {},
   "outputs": [
    {
     "name": "stdout",
     "output_type": "stream",
     "text": [
      "SLIDING WINDOW  1\n",
      "          ^FCHI     ^GSPC     ^JKSE     ^KS11      ^MXX      ^NYA      ^RUT\n",
      "^FCHI  0.049806  0.030266  0.026973  0.043901  0.037011  0.029514  0.037037\n",
      "^GSPC  0.030266  0.026898  0.020098  0.032241  0.030335  0.026041  0.029215\n",
      "^JKSE  0.026973  0.020098  0.095920  0.057075  0.043570  0.023511  0.029088\n",
      "^KS11  0.043901  0.032241  0.057075  0.096574  0.048179  0.031714  0.038048\n",
      "^MXX   0.037011  0.030335  0.043570  0.048179  0.060982  0.029814  0.043266\n",
      "^NYA   0.029514  0.026041  0.023511  0.031714  0.029814  0.027178  0.028480\n",
      "^RUT   0.037037  0.029215  0.029088  0.038048  0.043266  0.028480  0.048064\n",
      "____________________________________________________________\n",
      "SLIDING WINDOW  2\n",
      "          ^FCHI     ^GSPC     ^JKSE     ^KS11      ^MXX      ^NYA      ^RUT\n",
      "^FCHI  0.053186  0.032035  0.030609  0.047606  0.038069  0.032161  0.037629\n",
      "^GSPC  0.032035  0.027883  0.021728  0.031207  0.029539  0.027829  0.032200\n",
      "^JKSE  0.030609  0.021728  0.089497  0.049644  0.039543  0.026348  0.031828\n",
      "^KS11  0.047606  0.031207  0.049644  0.080572  0.042951  0.032294  0.038154\n",
      "^MXX   0.038069  0.029539  0.039543  0.042951  0.053496  0.031239  0.039057\n",
      "^NYA   0.032161  0.027829  0.026348  0.032294  0.031239  0.029169  0.032707\n",
      "^RUT   0.037629  0.032200  0.031828  0.038154  0.039057  0.032707  0.046374\n",
      "____________________________________________________________\n",
      "SLIDING WINDOW  3\n",
      "          ^FCHI     ^GSPC     ^JKSE     ^KS11      ^MXX      ^NYA      ^RUT\n",
      "^FCHI  0.051955  0.030024  0.034027  0.044539  0.035194  0.031557  0.035947\n",
      "^GSPC  0.030024  0.026377  0.023949  0.027113  0.026385  0.027547  0.031664\n",
      "^JKSE  0.034027  0.023949  0.082057  0.051697  0.038016  0.028665  0.034558\n",
      "^KS11  0.044539  0.027113  0.051697  0.073718  0.037731  0.029583  0.033154\n",
      "^MXX   0.035194  0.026385  0.038016  0.037731  0.049793  0.029191  0.035264\n",
      "^NYA   0.031557  0.027547  0.028665  0.029583  0.029191  0.029979  0.033577\n",
      "^RUT   0.035947  0.031664  0.034558  0.033154  0.035264  0.033577  0.046071\n",
      "____________________________________________________________\n",
      "SLIDING WINDOW  4\n",
      "          ^FCHI     ^GSPC     ^JKSE     ^KS11      ^MXX      ^NYA      ^RUT\n",
      "^FCHI  0.044093  0.024054  0.034963  0.038853  0.031343  0.026630  0.030169\n",
      "^GSPC  0.024054  0.022623  0.025424  0.023014  0.023298  0.024550  0.028451\n",
      "^JKSE  0.034963  0.025424  0.073882  0.053203  0.038081  0.029639  0.032913\n",
      "^KS11  0.038853  0.023014  0.053203  0.067168  0.035260  0.026186  0.029338\n",
      "^MXX   0.031343  0.023298  0.038081  0.035260  0.048269  0.026544  0.031094\n",
      "^NYA   0.026630  0.024550  0.029639  0.026186  0.026544  0.027697  0.030979\n",
      "^RUT   0.030169  0.028451  0.032913  0.029338  0.031094  0.030979  0.041567\n",
      "____________________________________________________________\n",
      "SLIDING WINDOW  5\n",
      "          ^FCHI     ^GSPC     ^JKSE     ^KS11      ^MXX      ^NYA      ^RUT\n",
      "^FCHI  0.042299  0.023098  0.030520  0.035720  0.029896  0.025492  0.028514\n",
      "^GSPC  0.023098  0.022312  0.022582  0.021191  0.022508  0.024031  0.027814\n",
      "^JKSE  0.030520  0.022582  0.070712  0.048199  0.035464  0.026465  0.028618\n",
      "^KS11  0.035720  0.021191  0.048199  0.063482  0.034251  0.024348  0.026358\n",
      "^MXX   0.029896  0.022508  0.035464  0.034251  0.048275  0.025692  0.029545\n",
      "^NYA   0.025492  0.024031  0.026465  0.024348  0.025692  0.026976  0.030115\n",
      "^RUT   0.028514  0.027814  0.028618  0.026358  0.029545  0.030115  0.040067\n",
      "____________________________________________________________\n",
      "SLIDING WINDOW  6\n",
      "          ^FCHI     ^GSPC     ^JKSE     ^KS11      ^MXX      ^NYA      ^RUT\n",
      "^FCHI  0.042478  0.022934  0.030505  0.035389  0.028942  0.025341  0.027525\n",
      "^GSPC  0.022934  0.022372  0.022211  0.020512  0.021842  0.024074  0.027669\n",
      "^JKSE  0.030505  0.022211  0.068181  0.046463  0.035019  0.026010  0.027206\n",
      "^KS11  0.035389  0.020512  0.046463  0.061705  0.033442  0.023522  0.024381\n",
      "^MXX   0.028942  0.021842  0.035019  0.033442  0.047711  0.024914  0.027909\n",
      "^NYA   0.025341  0.024074  0.026010  0.023522  0.024914  0.027037  0.029967\n",
      "^RUT   0.027525  0.027669  0.027206  0.024381  0.027909  0.029967  0.040169\n",
      "____________________________________________________________\n",
      "SLIDING WINDOW  7\n",
      "          ^FCHI     ^GSPC     ^JKSE     ^KS11      ^MXX      ^NYA      ^RUT\n",
      "^FCHI  0.045218  0.024136  0.030539  0.034716  0.027600  0.026250  0.027910\n",
      "^GSPC  0.024136  0.023583  0.022326  0.020174  0.022326  0.025165  0.028184\n",
      "^JKSE  0.030539  0.022326  0.068486  0.044428  0.034267  0.026033  0.026783\n",
      "^KS11  0.034716  0.020174  0.044428  0.057200  0.029450  0.022830  0.022965\n",
      "^MXX   0.027600  0.022326  0.034267  0.029450  0.046027  0.024981  0.027571\n",
      "^NYA   0.026250  0.025165  0.026033  0.022830  0.024981  0.027895  0.030327\n",
      "^RUT   0.027910  0.028184  0.026783  0.022965  0.027571  0.030327  0.039877\n",
      "____________________________________________________________\n",
      "SLIDING WINDOW  8\n",
      "          ^FCHI     ^GSPC     ^JKSE     ^KS11      ^MXX      ^NYA      ^RUT\n",
      "^FCHI  0.045707  0.024254  0.029840  0.035911  0.027397  0.026300  0.028276\n",
      "^GSPC  0.024254  0.024236  0.021601  0.020326  0.021699  0.025770  0.029337\n",
      "^JKSE  0.029840  0.021601  0.064806  0.043944  0.031466  0.024947  0.025593\n",
      "^KS11  0.035911  0.020326  0.043944  0.057941  0.030207  0.022992  0.023446\n",
      "^MXX   0.027397  0.021699  0.031466  0.030207  0.043721  0.024193  0.026625\n",
      "^NYA   0.026300  0.025770  0.024947  0.022992  0.024193  0.028439  0.031421\n",
      "^RUT   0.028276  0.029337  0.025593  0.023446  0.026625  0.031421  0.041932\n",
      "____________________________________________________________\n",
      "SLIDING WINDOW  9\n",
      "          ^FCHI     ^GSPC     ^JKSE     ^KS11      ^MXX      ^NYA      ^RUT\n",
      "^FCHI  0.043227  0.022598  0.027773  0.033067  0.026381  0.024521  0.026337\n",
      "^GSPC  0.022598  0.023161  0.020972  0.018867  0.020590  0.024673  0.027964\n",
      "^JKSE  0.027773  0.020972  0.059946  0.040078  0.030558  0.023940  0.025308\n",
      "^KS11  0.033067  0.018867  0.040078  0.052039  0.028608  0.021229  0.021907\n",
      "^MXX   0.026381  0.020590  0.030558  0.028608  0.045037  0.023076  0.025283\n",
      "^NYA   0.024521  0.024673  0.023940  0.021229  0.023076  0.027301  0.030151\n",
      "^RUT   0.026337  0.027964  0.025308  0.021907  0.025283  0.030151  0.040336\n",
      "____________________________________________________________\n",
      "SLIDING WINDOW  10\n",
      "          ^FCHI     ^GSPC     ^JKSE     ^KS11      ^MXX      ^NYA      ^RUT\n",
      "^FCHI  0.034956  0.016082  0.014962  0.024302  0.019690  0.017400  0.018527\n",
      "^GSPC  0.016082  0.017721  0.010940  0.013174  0.011735  0.018367  0.021543\n",
      "^JKSE  0.014962  0.010940  0.034624  0.019194  0.018125  0.012493  0.012905\n",
      "^KS11  0.024302  0.013174  0.019194  0.032543  0.021358  0.014704  0.016256\n",
      "^MXX   0.019690  0.011735  0.018125  0.021358  0.035802  0.013113  0.013987\n",
      "^NYA   0.017400  0.018367  0.012493  0.014704  0.013113  0.019998  0.022624\n",
      "^RUT   0.018527  0.021543  0.012905  0.016256  0.013987  0.022624  0.032555\n",
      "____________________________________________________________\n",
      "SLIDING WINDOW  11\n",
      "          ^FCHI     ^GSPC     ^JKSE     ^KS11      ^MXX      ^NYA      ^RUT\n",
      "^FCHI  0.026823  0.012192  0.007499  0.015292  0.010796  0.012956  0.013235\n",
      "^GSPC  0.012192  0.015388  0.007023  0.008985  0.006516  0.015589  0.018868\n",
      "^JKSE  0.007499  0.007023  0.023463  0.009841  0.008269  0.007533  0.007692\n",
      "^KS11  0.015292  0.008985  0.009841  0.022233  0.011652  0.009729  0.010806\n",
      "^MXX   0.010796  0.006516  0.008269  0.011652  0.026497  0.007018  0.007421\n",
      "^NYA   0.012956  0.015589  0.007533  0.009729  0.007018  0.016606  0.019553\n",
      "^RUT   0.013235  0.018868  0.007692  0.010806  0.007421  0.019553  0.028848\n",
      "____________________________________________________________\n"
     ]
    }
   ],
   "source": [
    "#cov_matrices:\n",
    "for j in range(11):\n",
    "    print(\"SLIDING WINDOW \", j+1)\n",
    "    print(sliding_windows_data[str(j+1) +'_yearly_cov'])\n",
    "    print(\"____________________________________________________________\")"
   ]
  },
  {
   "cell_type": "code",
   "execution_count": 7,
   "id": "9ef469d5",
   "metadata": {},
   "outputs": [
    {
     "data": {
