{
 "cells": [
  {
   "cell_type": "code",
   "execution_count": 59,
   "id": "2a500609",
   "metadata": {},
   "outputs": [],
   "source": [
    "import pandas as pd\n",
    "from pandas_datareader import data as pdr\n",
    "import yfinance as yf\n",
    "import datetime as dt\n",
    "import numpy as np\n",
    "import matplotlib.pyplot as plt\n",
    "\n",
    "yf.pdr_override()\n",
    "\n",
    "y_symbol_pairs = [('^GSPC', 'USD'), ('^MXX', 'MXN'), ('^FCHI', 'EUR'), ('^NYA', 'USD'),('^JKSE', 'IDR'), ('^RUT', 'USD'), ('^KS11', 'KRW')]\n",
    "y_symbol_pairs = [('^GSPC', 'USD'), ('^MXX', 'MXN'), ('^HSI', 'HKD'), ('^N225', 'JPY'),('^JKSE', 'IDR'), ('^N100', 'EUR'), ('^KLSE', 'MYR')]\n",
    "\n",
    "#y_symbols = ['^GSPC' , '^MXX', '^FCHI','^NYA','^JKSE', '^RUT', '^KS11' ]\n",
    "#y_symbols = ['AAPL', 'MSFT', 'KO', 'PEP', 'GE', 'GM', 'F' ]\n",
    "\n",
    "\n",
    "start_date = dt.datetime(2000,1,1)\n",
    "end_date = dt.datetime(2020,1,2)\n"
   ]
  },
  {
   "cell_type": "code",
   "execution_count": 60,
   "id": "ff54fc99",
   "metadata": {},
   "outputs": [],
   "source": [
    "def convert_to_USD(index_data, currency):\n",
    "    if currency == 'USD':\n",
    "        return index_data\n",
    "    # get historical conversion rate to USD\n",
    "    tckr = yf.Ticker(currency+\"USD=X\")\n",
    "    df = tckr.history(start=start_date, end=end_date)\n",
    "    # fixing stupid error in the data\n",
    "    if currency==\"IDR\":\n",
    "        df.loc[\"2010-11-01\"]=df.loc[\"2010-11-02\"]\n",
    "    currency_data = df.resample('BMS').first()\n",
    "    \n",
    "    # convert the data\n",
    "    for item in index_data.items():\n",
    "        closest_date = currency_data.index[currency_data.index.get_loc(item[0], method='nearest')]\n",
    "        #print(item[0])\n",
    "        #print(\"closest date: \" + str(closest_date))\n",
    "        #print(\"before: \" + str(item[1]))\n",
    "        exchange_rate = currency_data.loc[closest_date][\"Open\"]\n",
    "        #print(\"exchange_rate: \" + str(exchange_rate))\n",
    "        index_data[item[0]] = item[1]*exchange_rate\n",
    "        #print(\"after: \" + str(index_data[item[0]]))\n",
    "        #print(\"________________________________\")\n",
    "    \n",
    "    return index_data"
   ]
  },
  {
   "cell_type": "code",
   "execution_count": 61,
   "id": "6ce307a7",
   "metadata": {},
   "outputs": [
    {
     "name": "stdout",
     "output_type": "stream",
     "text": [
      "[*********************100%***********************]  7 of 7 completed\n"
     ]
    },
    {
     "name": "stderr",
     "output_type": "stream",
     "text": [
      "/tmp/ipykernel_11940/185822286.py:14: FutureWarning: Indexing a timezone-aware DatetimeIndex with a timezone-naive datetime is deprecated and will raise KeyError in a future version. Use a timezone-aware object instead.\n",
      "  closest_date = currency_data.index[currency_data.index.get_loc(item[0], method='nearest')]\n",
      "/tmp/ipykernel_11940/185822286.py:14: FutureWarning: Passing method to DatetimeIndex.get_loc is deprecated and will raise in a future version. Use index.get_indexer([item], method=...) instead.\n",
      "  closest_date = currency_data.index[currency_data.index.get_loc(item[0], method='nearest')]\n",
      "/tmp/ipykernel_11940/185822286.py:14: FutureWarning: Indexing a timezone-aware DatetimeIndex with a timezone-naive datetime is deprecated and will raise KeyError in a future version. Use a timezone-aware object instead.\n",
      "  closest_date = currency_data.index[currency_data.index.get_loc(item[0], method='nearest')]\n",
      "/tmp/ipykernel_11940/185822286.py:14: FutureWarning: Passing method to DatetimeIndex.get_loc is deprecated and will raise in a future version. Use index.get_indexer([item], method=...) instead.\n",
      "  closest_date = currency_data.index[currency_data.index.get_loc(item[0], method='nearest')]\n",
      "/tmp/ipykernel_11940/185822286.py:14: FutureWarning: Indexing a timezone-aware DatetimeIndex with a timezone-naive datetime is deprecated and will raise KeyError in a future version. Use a timezone-aware object instead.\n",
      "  closest_date = currency_data.index[currency_data.index.get_loc(item[0], method='nearest')]\n",
      "/tmp/ipykernel_11940/185822286.py:14: FutureWarning: Passing method to DatetimeIndex.get_loc is deprecated and will raise in a future version. Use index.get_indexer([item], method=...) instead.\n",
      "  closest_date = currency_data.index[currency_data.index.get_loc(item[0], method='nearest')]\n",
      "/tmp/ipykernel_11940/185822286.py:14: FutureWarning: Indexing a timezone-aware DatetimeIndex with a timezone-naive datetime is deprecated and will raise KeyError in a future version. Use a timezone-aware object instead.\n",
      "  closest_date = currency_data.index[currency_data.index.get_loc(item[0], method='nearest')]\n",
      "/tmp/ipykernel_11940/185822286.py:14: FutureWarning: Passing method to DatetimeIndex.get_loc is deprecated and will raise in a future version. Use index.get_indexer([item], method=...) instead.\n",
      "  closest_date = currency_data.index[currency_data.index.get_loc(item[0], method='nearest')]\n",
      "/tmp/ipykernel_11940/185822286.py:14: FutureWarning: Indexing a timezone-aware DatetimeIndex with a timezone-naive datetime is deprecated and will raise KeyError in a future version. Use a timezone-aware object instead.\n",
      "  closest_date = currency_data.index[currency_data.index.get_loc(item[0], method='nearest')]\n",
      "/tmp/ipykernel_11940/185822286.py:14: FutureWarning: Passing method to DatetimeIndex.get_loc is deprecated and will raise in a future version. Use index.get_indexer([item], method=...) instead.\n",
      "  closest_date = currency_data.index[currency_data.index.get_loc(item[0], method='nearest')]\n",
      "/tmp/ipykernel_11940/185822286.py:14: FutureWarning: Indexing a timezone-aware DatetimeIndex with a timezone-naive datetime is deprecated and will raise KeyError in a future version. Use a timezone-aware object instead.\n",
      "  closest_date = currency_data.index[currency_data.index.get_loc(item[0], method='nearest')]\n",
      "/tmp/ipykernel_11940/185822286.py:14: FutureWarning: Passing method to DatetimeIndex.get_loc is deprecated and will raise in a future version. Use index.get_indexer([item], method=...) instead.\n",
      "  closest_date = currency_data.index[currency_data.index.get_loc(item[0], method='nearest')]\n"
     ]
    }
   ],
   "source": [
    "data = pdr.get_data_yahoo([symbol for symbol, _ in y_symbol_pairs], start=start_date, end=end_date, interval='1mo')['Adj Close']\n",
    "\n",
    "for symbol, currency in y_symbol_pairs:\n",
    "    data[symbol] = convert_to_USD(data[symbol], currency)\n"
   ]
  },
  {
   "cell_type": "code",
   "execution_count": 62,
   "id": "bf757634",
   "metadata": {},
   "outputs": [
    {
     "name": "stdout",
     "output_type": "stream",
     "text": [
      "               ^GSPC      ^HSI     ^JKSE     ^KLSE      ^MXX     ^N100  \\\n",
      "Date                                                                     \n",
      "2000-02-01 -0.020313  0.100207 -0.098735  0.063182  0.112325  0.080015   \n",
      "2000-03-01  0.092324  0.013715  0.011612 -0.008034  0.014109  0.013705   \n",
      "2000-04-01 -0.031280 -0.114762 -0.101959 -0.081242 -0.118116  0.020729   \n",
      "2000-05-01 -0.022159 -0.053294 -0.147884  0.014543 -0.107953  0.008253   \n",
      "2000-06-01  0.023652  0.093488  0.125563 -0.089625  0.153240  0.012112   \n",
      "...              ...       ...       ...       ...       ...       ...   \n",
      "2009-08-01  0.033009 -0.042111  0.059533  0.000348  0.037463  0.092978   \n",
      "2009-09-01  0.035100  0.060402  0.006958  0.016524  0.027216  0.032725   \n",
      "2009-10-01 -0.019960  0.037485 -0.000892  0.066913 -0.032213 -0.020120   \n",
      "2009-11-01  0.055779  0.003163  0.029944  0.012282  0.097227  0.024633   \n",
      "2009-12-01  0.017615  0.002334  0.075776  0.019683  0.061902  0.087041   \n",
      "\n",
      "               ^N225  \n",
      "Date                  \n",
      "2000-02-01 -0.027686  \n",
      "2000-03-01 -0.007762  \n",
      "2000-04-01 -0.059294  \n",
      "2000-05-01 -0.142135  \n",
      "2000-06-01  0.068586  \n",
      "...              ...  \n",
      "2009-08-01  0.024734  \n",
      "2009-09-01 -0.009041  \n",
      "2009-10-01  0.026283  \n",
      "2009-11-01 -0.073742  \n",
      "2009-12-01  0.159890  \n",
      "\n",
      "[119 rows x 7 columns]\n",
      "               ^GSPC      ^HSI     ^JKSE     ^KLSE      ^MXX     ^N100  \\\n",
      "Date                                                                     \n",
      "2001-02-01 -0.096831 -0.085158  0.006298 -0.025525 -0.074228 -0.088113   \n",
      "2001-03-01 -0.066359 -0.147442 -0.116900 -0.091318 -0.051748 -0.045129   \n",
      "2001-04-01  0.074007  0.047847 -0.061750 -0.102331  0.044285  0.060567   \n",
      "2001-05-01  0.005077 -0.015936  0.124835 -0.020081  0.096739 -0.008125   \n",
      "2001-06-01 -0.025354 -0.010061  0.075335  0.034501  0.010675 -0.035895   \n",
      "...              ...       ...       ...       ...       ...       ...   \n",
      "2010-08-01 -0.048612 -0.020973  0.019003  0.065897  0.002888  0.029514   \n",
      "2010-09-01  0.083928  0.083239  0.115899  0.037456  0.006282  0.029664   \n",
      "2010-10-01  0.036193  0.035081  0.046546  0.051641  0.113044  0.102042   \n",
      "2010-11-01 -0.002293 -0.002916 -0.026121 -0.021007  0.054244 -0.028792   \n",
      "2010-12-01  0.063256 -0.000650  0.033092 -0.000712  0.035334 -0.021374   \n",
      "\n",
      "               ^N225  \n",
      "Date                  \n",
      "2001-02-01 -0.088997  \n",
      "2001-03-01  0.003160  \n",
      "2001-04-01 -0.003406  \n",
      "2001-05-01 -0.027478  \n",
      "2001-06-01  0.012116  \n",
      "...              ...  \n",
      "2010-08-01 -0.054318  \n",
      "2010-09-01  0.086236  \n",
      "2010-10-01 -0.010937  \n",
      "2010-11-01  0.113081  \n",
      "2010-12-01 -0.008719  \n",
      "\n",
      "[119 rows x 7 columns]\n",
      "               ^GSPC      ^HSI     ^JKSE     ^KLSE      ^MXX     ^N100  \\\n",
      "Date                                                                     \n",
      "2002-02-01 -0.020985 -0.023034  0.014156 -0.013882 -0.028318 -0.006666   \n",
      "2002-03-01  0.036080  0.051146  0.084065  0.064445  0.089078  0.056853   \n",
      "2002-04-01 -0.063385  0.041240  0.131687  0.048897  0.016019 -0.044802   \n",
      "2002-05-01 -0.009123 -0.017072  0.045658 -0.068045 -0.061912 -0.039724   \n",
      "2002-06-01 -0.075214 -0.064360  0.033848 -0.022247 -0.084644 -0.091681   \n",
      "...              ...       ...       ...       ...       ...       ...   \n",
      "2011-08-01 -0.058468 -0.090235 -0.063053 -0.070204 -0.006024 -0.116317   \n",
      "2011-09-01 -0.074467 -0.153873 -0.081313 -0.049126 -0.116776 -0.070337   \n",
      "2011-10-01  0.102307  0.121511  0.031040  0.000870 -0.044840  0.000134   \n",
      "2011-11-01 -0.005072 -0.096614 -0.029510  0.027989  0.059439  0.012377   \n",
      "2011-12-01  0.008497  0.023421  0.008056  0.007448 -0.013678 -0.021307   \n",
      "\n",
      "               ^N225  \n",
      "Date                  \n",
      "2002-02-01  0.033179  \n",
      "2002-03-01  0.051338  \n",
      "2002-04-01  0.045142  \n",
      "2002-05-01  0.057287  \n",
      "2002-06-01 -0.068315  \n",
      "...              ...  \n",
      "2011-08-01 -0.050307  \n",
      "2011-09-01 -0.022850  \n",
      "2011-10-01  0.026550  \n",
      "2011-11-01 -0.077915  \n",
      "2011-12-01  0.012219  \n",
      "\n",
      "[119 rows x 7 columns]\n",
      "               ^GSPC      ^HSI     ^JKSE     ^KLSE      ^MXX     ^N100  \\\n",
      "Date                                                                     \n",
      "2003-02-01 -0.017150 -0.014983  0.032424 -0.027404 -0.004594 -0.068638   \n",
      "2003-03-01  0.008323 -0.054873 -0.009509 -0.017279 -0.002201 -0.041763   \n",
      "2003-04-01  0.077927  0.009476  0.128342 -0.008451  0.095994  0.103899   \n",
      "2003-05-01  0.049646  0.084688  0.117400  0.063148  0.028664  0.015301   \n",
      "2003-06-01  0.011259       NaN       NaN  0.030074  0.051750  0.022738   \n",
      "...              ...       ...       ...       ...       ...       ...   \n",
      "2012-08-01  0.019571 -0.015588 -0.024440 -0.000670 -0.039085 -0.000311   \n",
      "2012-09-01  0.023947  0.067076  0.032981 -0.005245  0.046892  0.010025   \n",
      "2012-10-01 -0.019988  0.038094  0.017501  0.054500  0.043612  0.032747   \n",
      "2012-11-01  0.002843  0.018224 -0.015788 -0.044870 -0.010237  0.040173   \n",
      "2012-12-01  0.007043  0.028081  0.005945  0.067946  0.053700  0.018127   \n",
      "\n",
      "               ^N225  \n",
      "Date                  \n",
      "2003-02-01 -0.006705  \n",
      "2003-03-01 -0.034107  \n",
      "2003-04-01 -0.015764  \n",
      "2003-05-01  0.065992  \n",
      "2003-06-01  0.069649  \n",
      "...              ...  \n",
      "2012-08-01  0.038451  \n",
      "2012-09-01  0.001076  \n",
      "2012-10-01  0.010884  \n",
      "2012-11-01  0.032288  \n",
      "2012-12-01  0.063784  \n",
      "\n",
      "[119 rows x 7 columns]\n",
      "               ^GSPC      ^HSI     ^JKSE     ^KLSE      ^MXX     ^N100  \\\n",
      "Date                                                                     \n",
      "2004-02-01  0.012135  0.043615  0.008202  0.076017  0.072567  0.016886   \n",
      "2004-03-01 -0.016494 -0.092867 -0.027445  0.031949  0.051728 -0.026136   \n",
      "2004-04-01 -0.016933 -0.061210  0.038942 -0.075459 -0.061518 -0.007505   \n",
      "2004-05-01  0.012011  0.020649 -0.075526 -0.037714 -0.016396 -0.031405   \n",
      "2004-06-01  0.017829  0.007405 -0.067184  0.009929  0.024258  0.037473   \n",
      "...              ...       ...       ...       ...       ...       ...   \n",
      "2013-08-01 -0.031798 -0.006950 -0.129138 -0.065839 -0.015589  0.008030   \n",
      "2013-09-01  0.029316  0.050680 -0.032571  0.008552 -0.029141  0.038742   \n",
      "2013-10-01  0.043630  0.014949 -0.014487  0.028958  0.041090  0.058356   \n",
      "2013-11-01  0.027663  0.028978 -0.031070  0.029234  0.040038  0.005481   \n",
      "2013-12-01  0.023289 -0.024295 -0.029075  0.014061 -0.003388  0.007080   \n",
      "\n",
      "               ^N225  \n",
      "Date                  \n",
      "2004-02-01  0.035996  \n",
      "2004-03-01  0.027068  \n",
      "2004-04-01  0.049814  \n",
      "2004-05-01 -0.103408  \n",
      "2004-06-01  0.062015  \n",
      "...              ...  \n",
      "2013-08-01 -0.004759  \n",
      "2013-09-01  0.071464  \n",
      "2013-10-01 -0.009210  \n",
      "2013-11-01  0.089567  \n",
      "2013-12-01 -0.001954  \n",
      "\n",
      "[119 rows x 7 columns]\n",
      "               ^GSPC      ^HSI     ^JKSE     ^KLSE      ^MXX     ^N100  \\\n",
      "Date                                                                     \n",
      "2005-02-01  0.018727  0.030816  0.047383 -0.006491  0.049088 -0.009258   \n",
      "2005-03-01 -0.019303 -0.048937 -0.004975 -0.040386 -0.077194  0.014508   \n",
      "2005-04-01 -0.020314  0.028928 -0.069862  0.008538 -0.036095 -0.060976   \n",
      "2005-05-01  0.029512 -0.002132  0.045734 -0.020880  0.062773  0.037012   \n",
      "2005-06-01 -0.000143  0.024930  0.036124  0.031604  0.053748 -0.009354   \n",
      "...              ...       ...       ...       ...       ...       ...   \n",
      "2014-08-01  0.036964 -0.000546  0.009400 -0.003775  0.021860  0.004449   \n",
      "2014-09-01 -0.015635 -0.075949  0.016761  0.003733 -0.002843 -0.011108   \n",
      "2014-10-01  0.022936  0.043532 -0.050113 -0.031740 -0.025255 -0.068459   \n",
      "2014-11-01  0.024237  0.000825  0.017550 -0.025623 -0.023046  0.027186   \n",
      "2014-12-01 -0.004197 -0.016063  0.003358 -0.069400 -0.057304 -0.018279   \n",
      "\n",
      "               ^N225  \n",
      "Date                  \n",
      "2005-02-01  0.019953  \n",
      "2005-03-01 -0.015153  \n",
      "2005-04-01 -0.082792  \n",
      "2005-05-01  0.043152  \n",
      "2005-06-01 -0.003921  \n",
      "...              ...  \n",
      "2014-08-01 -0.027204  \n",
      "2014-09-01  0.033852  \n",
      "2014-10-01 -0.036279  \n",
      "2014-11-01  0.033011  \n",
      "2014-12-01 -0.052773  \n",
      "\n",
      "[119 rows x 7 columns]\n",
      "               ^GSPC      ^HSI     ^JKSE     ^KLSE      ^MXX     ^N100  \\\n",
      "Date                                                                     \n",
      "2006-02-01  0.000453  0.010041  0.045581  0.023294  0.007218  0.044771   \n",
      "2006-03-01  0.011035 -0.007139  0.085541  0.008418  0.026020  0.019353   \n",
      "2006-04-01  0.012082  0.052566  0.123655  0.032567  0.031232  0.013221   \n",
      "2006-05-01 -0.031405 -0.048661 -0.066846  0.046218 -0.114875 -0.018636   \n",
      "2006-06-01  0.000087  0.024581 -0.070539 -0.070925  0.003002  0.020620   \n",
      "...              ...       ...       ...       ...       ...       ...   \n",
      "2015-08-01 -0.064625 -0.128392 -0.072994 -0.085851 -0.048914 -0.107557   \n",
      "2015-09-01 -0.026799 -0.038467 -0.105782 -0.085140 -0.063371 -0.024569   \n",
      "2015-10-01  0.079719  0.082545  0.011255 -0.025133  0.034104  0.087592   \n",
      "2015-11-01  0.000505 -0.028845  0.070463  0.028351 -0.000114  0.007975   \n",
      "2015-12-01 -0.017686 -0.003927  0.016765  0.020057 -0.015099 -0.101342   \n",
      "\n",
      "               ^N225  \n",
      "Date                  \n",
      "2006-02-01 -0.022376  \n",
      "2006-03-01  0.064584  \n",
      "2006-04-01 -0.025312  \n",
      "2006-05-01 -0.054546  \n",
      "2006-06-01  0.012610  \n",
      "...              ...  \n",
      "2015-08-01 -0.099177  \n",
      "2015-09-01 -0.058973  \n",
      "2015-10-01  0.103339  \n",
      "2015-11-01  0.028889  \n",
      "2015-12-01 -0.058890  \n",
      "\n",
      "[119 rows x 7 columns]\n",
      "               ^GSPC      ^HSI     ^JKSE     ^KLSE      ^MXX     ^N100  \\\n",
      "Date                                                                     \n",
      "2007-02-01 -0.022088 -0.026993 -0.014919 -0.028686 -0.055943 -0.027804   \n",
      "2007-03-01  0.009931  0.007062  0.040209  0.038533  0.060454  0.048498   \n",
      "2007-04-01  0.042380  0.025455  0.092502  0.070879  0.020086  0.054468   \n",
      "2007-05-01  0.032031  0.014243  0.039459  0.029332  0.085455  0.049301   \n",
      "2007-06-01 -0.017977  0.055692  0.057643  0.012936  0.013168 -0.014955   \n",
      "...              ...       ...       ...       ...       ...       ...   \n",
      "2016-08-01 -0.001220  0.048610  0.038195  0.003159 -0.004912  0.005689   \n",
      "2016-09-01 -0.001235  0.014059 -0.020361 -0.024113 -0.008178  0.005434   \n",
      "2016-10-01 -0.019617 -0.015648  0.034485 -0.002552 -0.015947  0.007294   \n",
      "2016-11-01  0.033604 -0.006194 -0.055706 -0.048046 -0.029008 -0.020446   \n",
      "2016-12-01  0.018037 -0.035393 -0.013455 -0.050141 -0.079454  0.018841   \n",
      "\n",
      "               ^N225  \n",
      "Date                  \n",
      "2007-02-01 -0.001730  \n",
      "2007-03-01 -0.001356  \n",
      "2007-04-01  0.015128  \n",
      "2007-05-01  0.013201  \n",
      "2007-06-01 -0.005283  \n",
      "...              ...  \n",
      "2016-08-01  0.025893  \n",
      "2016-09-01 -0.035588  \n",
      "2016-10-01  0.074853  \n",
      "2016-11-01  0.017570  \n",
      "2016-12-01 -0.046661  \n",
      "\n",
      "[119 rows x 7 columns]\n",
      "               ^GSPC      ^HSI     ^JKSE     ^KLSE      ^MXX     ^N100  \\\n",
      "Date                                                                     \n",
      "2008-02-01 -0.035380  0.036779  0.062126 -0.010793  0.010299  0.004558   \n",
      "2008-03-01 -0.005977 -0.060718 -0.086725 -0.072324  0.076839 -0.000254   \n",
      "2008-04-01  0.046451  0.118904 -0.079403  0.024716 -0.005998  0.091352   \n",
      "2008-05-01  0.010618 -0.049633  0.033462 -0.001720  0.060927 -0.006077   \n",
      "2008-06-01 -0.089884 -0.105561 -0.027922 -0.087373 -0.067637 -0.124728   \n",
      "...              ...       ...       ...       ...       ...       ...   \n",
      "2017-08-01  0.000546  0.022968  0.004101  0.010701  0.019893  0.030099   \n",
      "2017-09-01  0.019119 -0.016877  0.004301 -0.008091 -0.021754  0.051661   \n",
      "2017-10-01  0.021946  0.026756  0.006874  0.007293 -0.053656  0.021410   \n",
      "2017-11-01  0.027696  0.033519 -0.015413 -0.020093 -0.082546 -0.040709   \n",
      "2017-12-01  0.009784  0.023962  0.066406  0.079348  0.074568  0.014637   \n",
      "\n",
      "               ^N225  \n",
      "Date                  \n",
      "2008-02-01  0.045841  \n",
      "2008-03-01 -0.051374  \n",
      "2008-04-01  0.113998  \n",
      "2008-05-01  0.008071  \n",
      "2008-06-01 -0.071174  \n",
      "...              ...  \n",
      "2017-08-01  0.002893  \n",
      "2017-09-01  0.037635  \n",
      "2017-10-01  0.055145  \n",
      "2017-11-01  0.023402  \n",
      "2017-12-01  0.011386  \n",
      "\n",
      "[119 rows x 7 columns]\n",
      "               ^GSPC      ^HSI     ^JKSE     ^KLSE      ^MXX     ^N100  \\\n",
      "Date                                                                     \n",
      "2009-02-01 -0.116457 -0.036317 -0.057506 -0.040873 -0.136864 -0.191294   \n",
      "2009-03-01  0.081953  0.058137  0.048405 -0.047220  0.031541  0.006302   \n",
      "2009-04-01  0.089772  0.134185  0.227871  0.130426  0.189415  0.166234   \n",
      "2009-05-01  0.051721  0.157698  0.185599  0.076638  0.129775  0.042207   \n",
      "2009-06-01  0.000196  0.011122  0.106710  0.050125  0.052093  0.030762   \n",
      "...              ...       ...       ...       ...       ...       ...   \n",
      "2018-08-01  0.029814 -0.024806  0.007442  0.017893  0.056400 -0.017228   \n",
      "2018-09-01  0.004285 -0.003632 -0.028531 -0.032550 -0.024350 -0.005768   \n",
      "2018-10-01 -0.071929 -0.103901 -0.036629 -0.051183 -0.095944 -0.073034   \n",
      "2018-11-01  0.017702  0.057519  0.018233 -0.029992 -0.136103 -0.038104   \n",
      "2018-12-01 -0.096265 -0.022676  0.083644  0.007079  0.004993 -0.057416   \n",
      "\n",
      "               ^N225  \n",
      "Date                  \n",
      "2009-02-01 -0.043944  \n",
      "2009-03-01 -0.011581  \n",
      "2009-04-01  0.066874  \n",
      "2009-05-01  0.078634  \n",
      "2009-06-01  0.079539  \n",
      "...              ...  \n",
      "2018-08-01  0.004277  \n",
      "2018-09-01  0.059296  \n",
      "2018-10-01 -0.119125  \n",
      "2018-11-01  0.027731  \n",
      "2018-12-01 -0.118453  \n",
      "\n",
      "[119 rows x 7 columns]\n",
      "               ^GSPC      ^HSI     ^JKSE     ^KLSE      ^MXX     ^N100  \\\n",
      "Date                                                                     \n",
      "2010-02-01  0.028115  0.022173 -0.016782  0.002562  0.040121 -0.042534   \n",
      "2010-03-01  0.057133  0.030762  0.088670  0.061645  0.074226  0.052014   \n",
      "2010-04-01  0.014651 -0.006409  0.092556  0.040724  0.014845 -0.034857   \n",
      "2010-05-01 -0.085532 -0.065880 -0.050470 -0.003841 -0.015154 -0.083314   \n",
      "2010-06-01 -0.055388  0.015352  0.010988 -0.019167 -0.077521 -0.097623   \n",
      "...              ...       ...       ...       ...       ...       ...   \n",
      "2019-08-01 -0.018257 -0.078735 -0.012866 -0.018964  0.042244 -0.041828   \n",
      "2019-09-01  0.017035  0.012208 -0.026423 -0.032648 -0.039842  0.025066   \n",
      "2019-10-01  0.020226  0.031285  0.006461  0.012658  0.025710 -0.009549   \n",
      "2019-11-01  0.033480 -0.020824 -0.028611 -0.020070  0.013521  0.052100   \n",
      "2019-12-01  0.028189  0.068686  0.065235  0.017393  0.001167  0.000197   \n",
      "\n",
      "               ^N225  \n",
      "Date                  \n",
      "2010-02-01  0.022174  \n",
      "2010-03-01  0.106741  \n",
      "2010-04-01 -0.054980  \n",
      "2010-05-01 -0.128373  \n",
      "2010-06-01 -0.009778  \n",
      "...              ...  \n",
      "2019-08-01 -0.042835  \n",
      "2019-09-01  0.074296  \n",
      "2019-10-01  0.034657  \n",
      "2019-11-01  0.016254  \n",
      "2019-12-01  0.001523  \n",
      "\n",
      "[119 rows x 7 columns]\n"
     ]
    }
   ],
   "source": [
    "# 10 years sliding window\n",
    "sliding_windows_data = {}\n",
    "\n",
    "for j in range(11):\n",
    "    i=12*j\n",
    "    returns = (data / data.shift(1))[1+i:12*10+i]\n",
    "    logReturn = np.log(returns)\n",
    "    #var(aX) = a^2var(X), cov(aX, aX) = a^2 cov(X,X)\n",
    "    print(logReturn)\n",
    "    yearly_mean = 12 * logReturn.mean()\n",
    "    yearly_var = 12 * logReturn.var()\n",
    "    yearly_std = np.sqrt(yearly_var)\n",
    "    yearly_cov = 12 * logReturn.cov()\n",
    "\n",
    "    dates = (data.index[i], data.index[12*10+i])\n",
    "\n",
    "    sliding_windows_data[str(j+1) +'_yearly_mean'] = yearly_mean\n",
    "    sliding_windows_data[str(j+1) +'_yearly_var'] = yearly_var\n",
    "    sliding_windows_data[str(j+1) +'_yearly_std'] = yearly_std\n",
    "    sliding_windows_data[str(j+1) +'_yearly_cov'] = yearly_cov\n",
    "    sliding_windows_data[str(j+1) +'_dates'] = dates\n",
    "    \n",
    "    "
   ]
  },
  {
   "cell_type": "code",
   "execution_count": 63,
   "id": "c557691b",
   "metadata": {},
   "outputs": [
    {
     "name": "stdout",
     "output_type": "stream",
     "text": [
      "SLIDING WINDOW  1\n",
      "^GSPC   -0.022544\n",
      "^HSI     0.006737\n",
      "^JKSE    0.131009\n",
      "^KLSE    0.043844\n",
      "^MXX     0.145157\n",
      "^N100   -0.008553\n",
      "^N225   -0.045249\n",
      "dtype: float64\n",
      "____________________________________________________________\n",
      "SLIDING WINDOW  2\n",
      "^GSPC   -0.008335\n",
      "^HSI     0.008188\n",
      "^JKSE    0.218437\n",
      "^KLSE    0.091991\n",
      "^MXX     0.168452\n",
      "^N100   -0.030290\n",
      "^N225    0.001220\n",
      "dtype: float64\n",
      "____________________________________________________________\n",
      "SLIDING WINDOW  3\n",
      "^GSPC    0.010771\n",
      "^HSI     0.027717\n",
      "^JKSE    0.205159\n",
      "^KLSE    0.093878\n",
      "^MXX     0.149197\n",
      "^N100   -0.016468\n",
      "^N225    0.036468\n",
      "dtype: float64\n",
      "____________________________________________________________\n",
      "SLIDING WINDOW  4\n",
      "^GSPC    0.051513\n",
      "^HSI     0.065923\n",
      "^JKSE    0.211405\n",
      "^KLSE    0.118175\n",
      "^MXX     0.186215\n",
      "^N100    0.036164\n",
      "^N225    0.058998\n",
      "dtype: float64\n",
      "____________________________________________________________\n",
      "SLIDING WINDOW  5\n",
      "^GSPC    0.049521\n",
      "^HSI     0.056773\n",
      "^JKSE    0.142523\n",
      "^KLSE    0.099874\n",
      "^MXX     0.136537\n",
      "^N100    0.034025\n",
      "^N225    0.045908\n",
      "dtype: float64\n",
      "____________________________________________________________\n",
      "SLIDING WINDOW  6\n",
      "^GSPC    0.056025\n",
      "^HSI     0.054970\n",
      "^JKSE    0.135044\n",
      "^KLSE    0.076622\n",
      "^MXX     0.097493\n",
      "^N100    0.013041\n",
      "^N225    0.028120\n",
      "dtype: float64\n",
      "____________________________________________________________\n",
      "SLIDING WINDOW  7\n",
      "^GSPC    0.047189\n",
      "^HSI     0.033304\n",
      "^JKSE    0.097952\n",
      "^KLSE    0.050170\n",
      "^MXX     0.038064\n",
      "^N100   -0.004616\n",
      "^N225    0.009034\n",
      "dtype: float64\n",
      "____________________________________________________________\n",
      "SLIDING WINDOW  8\n",
      "^GSPC    0.044625\n",
      "^HSI     0.009312\n",
      "^JKSE    0.069628\n",
      "^KLSE    0.004184\n",
      "^MXX    -0.014532\n",
      "^N100   -0.026453\n",
      "^N225    0.013343\n",
      "dtype: float64\n",
      "____________________________________________________________\n",
      "SLIDING WINDOW  9\n",
      "^GSPC    0.066796\n",
      "^HSI     0.024378\n",
      "^JKSE    0.052916\n",
      "^KLSE    0.003423\n",
      "^MXX     0.000039\n",
      "^N100   -0.002701\n",
      "^N225    0.050783\n",
      "dtype: float64\n",
      "____________________________________________________________\n",
      "SLIDING WINDOW  10\n",
      "^GSPC    0.111966\n",
      "^HSI     0.066224\n",
      "^JKSE    0.129967\n",
      "^KLSE    0.044457\n",
      "^MXX     0.037634\n",
      "^N100    0.036311\n",
      "^N225    0.069651\n",
      "dtype: float64\n",
      "____________________________________________________________\n",
      "SLIDING WINDOW  11\n",
      "^GSPC    0.111071\n",
      "^HSI     0.033022\n",
      "^JKSE    0.049905\n",
      "^KLSE    0.002336\n",
      "^MXX    -0.004293\n",
      "^N100    0.029187\n",
      "^N225    0.068288\n",
      "dtype: float64\n",
      "____________________________________________________________\n"
     ]
    }
   ],
   "source": [
    "#expected yearly returns:\n",
    "for j in range(11):\n",
    "    print(\"SLIDING WINDOW \", j+1)\n",
    "    print(sliding_windows_data[str(j+1) +'_yearly_mean'])\n",
    "    print(\"____________________________________________________________\")"
   ]
  },
  {
   "cell_type": "code",
   "execution_count": 64,
   "id": "2ad94457",
   "metadata": {},
   "outputs": [
    {
     "name": "stdout",
     "output_type": "stream",
     "text": [
      "SLIDING WINDOW  1\n",
      "          ^GSPC      ^HSI     ^JKSE     ^KLSE      ^MXX     ^N100     ^N225\n",
      "^GSPC  0.026898  0.028728  0.020098  0.013397  0.030335  0.029928  0.017015\n",
      "^HSI   0.028728  0.057004  0.033806  0.023156  0.037867  0.034807  0.028817\n",
      "^JKSE  0.020098  0.033806  0.095920  0.031872  0.043570  0.029823  0.027365\n",
      "^KLSE  0.013397  0.023156  0.031872  0.036452  0.023242  0.021421  0.011107\n",
      "^MXX   0.030335  0.037867  0.043570  0.023242  0.060982  0.037311  0.024748\n",
      "^N100  0.029928  0.034807  0.029823  0.021421  0.037311  0.049451  0.023723\n",
      "^N225  0.017015  0.028817  0.027365  0.011107  0.024748  0.023723  0.046403\n",
      "____________________________________________________________\n",
      "SLIDING WINDOW  2\n",
      "          ^GSPC      ^HSI     ^JKSE     ^KLSE      ^MXX     ^N100     ^N225\n",
      "^GSPC  0.027883  0.029054  0.021728  0.013522  0.029539  0.031315  0.019312\n",
      "^HSI   0.029054  0.052937  0.032919  0.022611  0.032506  0.035213  0.030493\n",
      "^JKSE  0.021728  0.032919  0.089497  0.032739  0.039543  0.033278  0.023493\n",
      "^KLSE  0.013522  0.022611  0.032739  0.032856  0.021534  0.021987  0.011273\n",
      "^MXX   0.029539  0.032506  0.039543  0.021534  0.053496  0.038332  0.023348\n",
      "^N100  0.031315  0.035213  0.033278  0.021987  0.038332  0.052252  0.026730\n",
      "^N225  0.019312  0.030493  0.023493  0.011273  0.023348  0.026730  0.047877\n",
      "____________________________________________________________\n",
      "SLIDING WINDOW  3\n",
      "          ^GSPC      ^HSI     ^JKSE     ^KLSE      ^MXX     ^N100     ^N225\n",
      "^GSPC  0.026377  0.027240  0.023949  0.013154  0.026385  0.029312  0.017845\n",
      "^HSI   0.027240  0.051351  0.037013  0.021888  0.028848  0.032538  0.028217\n",
      "^JKSE  0.023949  0.037013  0.082057  0.029536  0.038016  0.035497  0.027672\n",
      "^KLSE  0.013154  0.021888  0.029536  0.028133  0.019683  0.022100  0.012779\n",
      "^MXX   0.026385  0.028848  0.038016  0.019683  0.049793  0.035246  0.021765\n",
      "^N100  0.029312  0.032538  0.035497  0.022100  0.035246  0.051132  0.024850\n",
      "^N225  0.017845  0.028217  0.027672  0.012779  0.021765  0.024850  0.043898\n",
      "____________________________________________________________\n",
      "SLIDING WINDOW  4\n",
      "          ^GSPC      ^HSI     ^JKSE     ^KLSE      ^MXX     ^N100     ^N225\n",
      "^GSPC  0.022623  0.025360  0.025424  0.011556  0.023298  0.023242  0.018434\n",
      "^HSI   0.025360  0.052087  0.037919  0.019991  0.026957  0.028725  0.029015\n",
      "^JKSE  0.025424  0.037919  0.073882  0.028639  0.038081  0.036245  0.025177\n",
      "^KLSE  0.011556  0.019991  0.028639  0.026955  0.018761  0.020006  0.013532\n",
      "^MXX   0.023298  0.026957  0.038081  0.018761  0.048269  0.031307  0.021089\n",
      "^N100  0.023242  0.028725  0.036245  0.020006  0.031307  0.042785  0.025062\n",
      "^N225  0.018434  0.029015  0.025177  0.013532  0.021089  0.025062  0.044022\n",
      "____________________________________________________________\n",
      "SLIDING WINDOW  5\n",
      "          ^GSPC      ^HSI     ^JKSE     ^KLSE      ^MXX     ^N100     ^N225\n",
      "^GSPC  0.022312  0.023960  0.022582  0.010773  0.022508  0.022463  0.018221\n",
      "^HSI   0.023960  0.049421  0.034344  0.017814  0.025718  0.027220  0.027430\n",
      "^JKSE  0.022582  0.034344  0.070712  0.027440  0.035464  0.031986  0.022773\n",
      "^KLSE  0.010773  0.017814  0.027440  0.026336  0.018696  0.018252  0.012038\n",
      "^MXX   0.022508  0.025718  0.035464  0.018696  0.048275  0.030032  0.020554\n",
      "^N100  0.022463  0.027220  0.031986  0.018252  0.030032  0.041385  0.023780\n",
      "^N225  0.018221  0.027430  0.022773  0.012038  0.020554  0.023780  0.044053\n",
      "____________________________________________________________\n",
      "SLIDING WINDOW  6\n",
      "          ^GSPC      ^HSI     ^JKSE     ^KLSE      ^MXX     ^N100     ^N225\n",
      "^GSPC  0.022372  0.023674  0.022211  0.010613  0.021842  0.022238  0.018252\n",
      "^HSI   0.023674  0.048874  0.032996  0.017121  0.025185  0.026653  0.028562\n",
      "^JKSE  0.022211  0.032996  0.068181  0.027125  0.035019  0.031807  0.022167\n",
      "^KLSE  0.010613  0.017121  0.027125  0.025745  0.018646  0.018247  0.012625\n",
      "^MXX   0.021842  0.025185  0.035019  0.018646  0.047711  0.028957  0.020329\n",
      "^N100  0.022238  0.026653  0.031807  0.018247  0.028957  0.041039  0.023029\n",
      "^N225  0.018252  0.028562  0.022167  0.012625  0.020329  0.023029  0.043757\n",
      "____________________________________________________________\n",
      "SLIDING WINDOW  7\n",
      "          ^GSPC      ^HSI     ^JKSE     ^KLSE      ^MXX     ^N100     ^N225\n",
      "^GSPC  0.023583  0.024729  0.022326  0.011089  0.022326  0.023463  0.019972\n",
      "^HSI   0.024729  0.052186  0.032878  0.017738  0.024531  0.027636  0.030254\n",
      "^JKSE  0.022326  0.032878  0.068486  0.029514  0.034267  0.032173  0.022526\n",
      "^KLSE  0.011089  0.017738  0.029514  0.027308  0.019097  0.019250  0.013831\n",
      "^MXX   0.022326  0.024531  0.034267  0.019097  0.046027  0.027714  0.019050\n",
      "^N100  0.023463  0.027636  0.032173  0.019250  0.027714  0.043929  0.024705\n",
      "^N225  0.019972  0.030254  0.022526  0.013831  0.019050  0.024705  0.044938\n",
      "____________________________________________________________\n",
      "SLIDING WINDOW  8\n",
      "          ^GSPC      ^HSI     ^JKSE     ^KLSE      ^MXX     ^N100     ^N225\n",
      "^GSPC  0.024236  0.025495  0.021601  0.010892  0.021699  0.023478  0.021193\n",
      "^HSI   0.025495  0.053605  0.032043  0.018228  0.024076  0.027377  0.032539\n",
      "^JKSE  0.021601  0.032043  0.064806  0.029142  0.031466  0.031263  0.023068\n",
      "^KLSE  0.010892  0.018228  0.029142  0.024867  0.018684  0.019292  0.015192\n",
      "^MXX   0.021699  0.024076  0.031466  0.018684  0.043721  0.027410  0.020574\n",
      "^N100  0.023478  0.027377  0.031263  0.019292  0.027410  0.043872  0.026230\n",
      "^N225  0.021193  0.032539  0.023068  0.015192  0.020574  0.026230  0.051710\n",
      "____________________________________________________________\n",
      "SLIDING WINDOW  9\n",
      "          ^GSPC      ^HSI     ^JKSE     ^KLSE      ^MXX     ^N100     ^N225\n",
      "^GSPC  0.023161  0.023714  0.020972  0.010427  0.020590  0.021864  0.019827\n",
      "^HSI   0.023714  0.046112  0.027820  0.016728  0.022893  0.023651  0.029730\n",
      "^JKSE  0.020972  0.027820  0.059946  0.026607  0.030558  0.029123  0.022736\n",
      "^KLSE  0.010427  0.016728  0.026607  0.023320  0.018425  0.018096  0.014979\n",
      "^MXX   0.020590  0.022893  0.030558  0.018425  0.045037  0.026337  0.019374\n",
      "^N100  0.021864  0.023651  0.029123  0.018096  0.026337  0.041383  0.024335\n",
      "^N225  0.019827  0.029730  0.022736  0.014979  0.019374  0.024335  0.049923\n",
      "____________________________________________________________\n",
      "SLIDING WINDOW  10\n",
      "          ^GSPC      ^HSI     ^JKSE     ^KLSE      ^MXX     ^N100     ^N225\n",
      "^GSPC  0.017721  0.016636  0.010940  0.005374  0.011735  0.015008  0.014525\n",
      "^HSI   0.016636  0.035287  0.015869  0.009515  0.013648  0.014997  0.019148\n",
      "^JKSE  0.010940  0.015869  0.034624  0.015111  0.018125  0.014952  0.010566\n",
      "^KLSE  0.005374  0.009515  0.015111  0.018094  0.015406  0.011423  0.008247\n",
      "^MXX   0.011735  0.013648  0.018125  0.015406  0.035802  0.019084  0.012474\n",
      "^N100  0.015008  0.014997  0.014952  0.011423  0.019084  0.030863  0.018013\n",
      "^N225  0.014525  0.019148  0.010566  0.008247  0.012474  0.018013  0.041229\n",
      "____________________________________________________________\n",
      "SLIDING WINDOW  11\n",
      "          ^GSPC      ^HSI     ^JKSE     ^KLSE      ^MXX     ^N100     ^N225\n",
      "^GSPC  0.015388  0.015002  0.007023  0.003514  0.006516  0.011226  0.014760\n",
      "^HSI   0.015002  0.031402  0.010049  0.005891  0.007296  0.011822  0.018201\n",
      "^JKSE  0.007023  0.010049  0.023463  0.009705  0.008269  0.007498  0.006425\n",
      "^KLSE  0.003514  0.005891  0.009705  0.014448  0.010496  0.007244  0.005755\n",
      "^MXX   0.006516  0.007296  0.008269  0.010496  0.026497  0.010327  0.008475\n",
      "^N100  0.011226  0.011822  0.007498  0.007244  0.010327  0.022886  0.014987\n",
      "^N225  0.014760  0.018201  0.006425  0.005755  0.008475  0.014987  0.037770\n",
      "____________________________________________________________\n"
     ]
    }
   ],
   "source": [
    "#cov_matrices:\n",
    "for j in range(11):\n",
    "    print(\"SLIDING WINDOW \", j+1)\n",
    "    print(sliding_windows_data[str(j+1) +'_yearly_cov'])\n",
    "    print(\"____________________________________________________________\")"
   ]
  },
  {
   "cell_type": "code",
   "execution_count": 65,
   "id": "9ef469d5",
   "metadata": {},
   "outputs": [
    {
     "data": {
