{
 "cells": [
  {
   "cell_type": "code",
   "execution_count": 1,
   "id": "2a500609",
   "metadata": {},
   "outputs": [],
   "source": [
    "import pandas as pd\n",
    "from pandas_datareader import data as pdr\n",
    "import yfinance as yf\n",
    "import datetime as dt\n",
    "import numpy as np\n",
    "import matplotlib.pyplot as plt\n",
    "\n",
    "yf.pdr_override()\n",
    "\n",
    "y_symbols = ['^GSPC', '^MXX', '^FCHI','^NYA','^JKSE', '^RUT','^KS11' ]\n",
    "\n",
    "start_date = dt.datetime(2000,1,1)\n",
    "end_date = dt.datetime(2020,1,2)\n"
   ]
  },
  {
   "cell_type": "code",
   "execution_count": 2,
   "id": "ff54fc99",
   "metadata": {},
   "outputs": [],
   "source": [
    "def convert_to_USD(index_data, currency):\n",
    "    # get historical conversion rate to USD\n",
    "    tckr = yf.Ticker(currency+\"USD=X\")\n",
    "    df = tckr.history(start=start_date, end=end_date)\n",
    "    currency_data = df.resample('BMS').first()\n",
    "    \n",
    "    # convert the data\n",
    "    for item in index_data.items():\n",
    "        #print(\"before: \" + str(item[1]))\n",
    "        closest_date = currency_data.index[currency_data.index.get_loc(item[0], method='nearest')]\n",
    "        exchange_rate = currency_data.loc[closest_date][\"Open\"]\n",
    "        #print(\"exchange_rate: \" + str(exchange_rate))\n",
    "        index_data[item[0]] = item[1]*exchange_rate\n",
    "        #print(\"after: \" + str(index_data[item[0]]))\n",
    "    \n",
    "    return index_data"
   ]
  },
  {
   "cell_type": "code",
   "execution_count": 3,
   "id": "6ce307a7",
   "metadata": {},
   "outputs": [
    {
     "name": "stdout",
     "output_type": "stream",
     "text": [
      "[*********************100%***********************]  7 of 7 completed\n"
     ]
    },
    {
     "name": "stderr",
     "output_type": "stream",
     "text": [
      "C:\\Users\\fiori\\AppData\\Local\\Temp\\ipykernel_4988\\3919862828.py:10: FutureWarning: Indexing a timezone-aware DatetimeIndex with a timezone-naive datetime is deprecated and will raise KeyError in a future version. Use a timezone-aware object instead.\n",
      "  closest_date = currency_data.index[currency_data.index.get_loc(item[0], method='nearest')]\n",
      "C:\\Users\\fiori\\AppData\\Local\\Temp\\ipykernel_4988\\3919862828.py:10: FutureWarning: Passing method to DatetimeIndex.get_loc is deprecated and will raise in a future version. Use index.get_indexer([item], method=...) instead.\n",
      "  closest_date = currency_data.index[currency_data.index.get_loc(item[0], method='nearest')]\n",
      "C:\\Users\\fiori\\AppData\\Local\\Temp\\ipykernel_4988\\3919862828.py:10: FutureWarning: Indexing a timezone-aware DatetimeIndex with a timezone-naive datetime is deprecated and will raise KeyError in a future version. Use a timezone-aware object instead.\n",
      "  closest_date = currency_data.index[currency_data.index.get_loc(item[0], method='nearest')]\n",
      "C:\\Users\\fiori\\AppData\\Local\\Temp\\ipykernel_4988\\3919862828.py:10: FutureWarning: Passing method to DatetimeIndex.get_loc is deprecated and will raise in a future version. Use index.get_indexer([item], method=...) instead.\n",
      "  closest_date = currency_data.index[currency_data.index.get_loc(item[0], method='nearest')]\n",
      "C:\\Users\\fiori\\AppData\\Local\\Temp\\ipykernel_4988\\3919862828.py:10: FutureWarning: Indexing a timezone-aware DatetimeIndex with a timezone-naive datetime is deprecated and will raise KeyError in a future version. Use a timezone-aware object instead.\n",
      "  closest_date = currency_data.index[currency_data.index.get_loc(item[0], method='nearest')]\n",
      "C:\\Users\\fiori\\AppData\\Local\\Temp\\ipykernel_4988\\3919862828.py:10: FutureWarning: Passing method to DatetimeIndex.get_loc is deprecated and will raise in a future version. Use index.get_indexer([item], method=...) instead.\n",
      "  closest_date = currency_data.index[currency_data.index.get_loc(item[0], method='nearest')]\n",
      "C:\\Users\\fiori\\AppData\\Local\\Temp\\ipykernel_4988\\3919862828.py:10: FutureWarning: Indexing a timezone-aware DatetimeIndex with a timezone-naive datetime is deprecated and will raise KeyError in a future version. Use a timezone-aware object instead.\n",
      "  closest_date = currency_data.index[currency_data.index.get_loc(item[0], method='nearest')]\n",
      "C:\\Users\\fiori\\AppData\\Local\\Temp\\ipykernel_4988\\3919862828.py:10: FutureWarning: Passing method to DatetimeIndex.get_loc is deprecated and will raise in a future version. Use index.get_indexer([item], method=...) instead.\n",
      "  closest_date = currency_data.index[currency_data.index.get_loc(item[0], method='nearest')]\n"
     ]
    }
   ],
   "source": [
    "data = pdr.get_data_yahoo(y_symbols, start=start_date, end=end_date, interval='1mo')['Adj Close']\n",
    "\n",
    "data[\"^FCHI\"] = convert_to_USD(data[\"^FCHI\"], \"EUR\")\n",
    "data[\"^MXX\"] = convert_to_USD(data[\"^MXX\"], \"MXN\")\n",
    "data[\"^JKSE\"] = convert_to_USD(data[\"^JKSE\"], \"IDR\")\n",
    "data[\"^KS11\"] = convert_to_USD(data[\"^KS11\"], \"KRW\")\n"
   ]
  },
  {
   "cell_type": "code",
   "execution_count": 4,
   "id": "dc0bd6a3",
   "metadata": {},
   "outputs": [
    {
     "data": {
      "text/html": [
       "<div>\n",
       "<style scoped>\n",
       "    .dataframe tbody tr th:only-of-type {\n",
       "        vertical-align: middle;\n",
       "    }\n",
       "\n",
       "    .dataframe tbody tr th {\n",
       "        vertical-align: top;\n",
       "    }\n",
       "\n",
       "    .dataframe thead th {\n",
       "        text-align: right;\n",
       "    }\n",
       "</style>\n",
       "<table border=\"1\" class=\"dataframe\">\n",
       "  <thead>\n",
       "    <tr style=\"text-align: right;\">\n",
       "      <th></th>\n",
       "      <th>^FCHI</th>\n",
       "      <th>^GSPC</th>\n",
       "      <th>^JKSE</th>\n",
       "      <th>^KS11</th>\n",
       "      <th>^MXX</th>\n",
       "      <th>^NYA</th>\n",
       "      <th>^RUT</th>\n",
       "    </tr>\n",
       "    <tr>\n",
       "      <th>Date</th>\n",
       "      <th></th>\n",
       "      <th></th>\n",
       "      <th></th>\n",
       "      <th></th>\n",
       "      <th></th>\n",
       "      <th></th>\n",
       "      <th></th>\n",
       "    </tr>\n",
       "  </thead>\n",
       "  <tbody>\n",
       "    <tr>\n",
       "      <th>2000-01-01</th>\n",
       "      <td>6811.006068</td>\n",
       "      <td>1394.459961</td>\n",
       "      <td>0.055622</td>\n",
       "      <td>0.788340</td>\n",
       "      <td>589.184603</td>\n",
       "      <td>6574.009766</td>\n",
       "      <td>496.230011</td>\n",
       "    </tr>\n",
       "    <tr>\n",
       "      <th>2000-02-01</th>\n",
       "      <td>7450.190983</td>\n",
       "      <td>1366.420044</td>\n",
       "      <td>0.050393</td>\n",
       "      <td>0.691873</td>\n",
       "      <td>659.224671</td>\n",
       "      <td>6266.419922</td>\n",
       "      <td>577.710022</td>\n",
       "    </tr>\n",
       "    <tr>\n",
       "      <th>2000-03-01</th>\n",
       "      <td>7564.621943</td>\n",
       "      <td>1498.579956</td>\n",
       "      <td>0.050981</td>\n",
       "      <td>0.719068</td>\n",
       "      <td>668.591637</td>\n",
       "      <td>6848.609863</td>\n",
       "      <td>539.090027</td>\n",
       "    </tr>\n",
       "    <tr>\n",
       "      <th>2000-04-01</th>\n",
       "      <td>7725.480694</td>\n",
       "      <td>1452.430054</td>\n",
       "      <td>0.046039</td>\n",
       "      <td>0.605855</td>\n",
       "      <td>594.106075</td>\n",
       "      <td>6811.169922</td>\n",
       "      <td>506.250000</td>\n",
       "    </tr>\n",
       "    <tr>\n",
       "      <th>2000-05-01</th>\n",
       "      <td>7733.350379</td>\n",
       "      <td>1420.599976</td>\n",
       "      <td>0.039710</td>\n",
       "      <td>0.611275</td>\n",
       "      <td>533.311269</td>\n",
       "      <td>6805.250000</td>\n",
       "      <td>476.179993</td>\n",
       "    </tr>\n",
       "    <tr>\n",
       "      <th>...</th>\n",
       "      <td>...</td>\n",
       "      <td>...</td>\n",
       "      <td>...</td>\n",
       "      <td>...</td>\n",
       "      <td>...</td>\n",
       "      <td>...</td>\n",
       "      <td>...</td>\n",
       "    </tr>\n",
       "    <tr>\n",
       "      <th>2019-09-01</th>\n",
       "      <td>6240.427184</td>\n",
       "      <td>2976.739990</td>\n",
       "      <td>0.435118</td>\n",
       "      <td>1.705747</td>\n",
       "      <td>2140.460400</td>\n",
       "      <td>13004.740234</td>\n",
       "      <td>1523.369995</td>\n",
       "    </tr>\n",
       "    <tr>\n",
       "      <th>2019-10-01</th>\n",
       "      <td>6245.078868</td>\n",
       "      <td>3037.560059</td>\n",
       "      <td>0.437938</td>\n",
       "      <td>1.740221</td>\n",
       "      <td>2196.205403</td>\n",
       "      <td>13171.809570</td>\n",
       "      <td>1562.449951</td>\n",
       "    </tr>\n",
       "    <tr>\n",
       "      <th>2019-11-01</th>\n",
       "      <td>6587.870861</td>\n",
       "      <td>3140.979980</td>\n",
       "      <td>0.425586</td>\n",
       "      <td>1.787178</td>\n",
       "      <td>2226.101606</td>\n",
       "      <td>13545.209961</td>\n",
       "      <td>1624.500000</td>\n",
       "    </tr>\n",
       "    <tr>\n",
       "      <th>2019-12-01</th>\n",
       "      <td>6586.450341</td>\n",
       "      <td>3230.780029</td>\n",
       "      <td>0.454275</td>\n",
       "      <td>1.865515</td>\n",
       "      <td>2228.700966</td>\n",
       "      <td>13913.030273</td>\n",
       "      <td>1668.469971</td>\n",
       "    </tr>\n",
       "    <tr>\n",
       "      <th>2020-01-01</th>\n",
       "      <td>6515.192856</td>\n",
       "      <td>3225.520020</td>\n",
       "      <td>0.428513</td>\n",
       "      <td>1.835594</td>\n",
       "      <td>2331.626284</td>\n",
       "      <td>13614.099609</td>\n",
       "      <td>1614.060059</td>\n",
       "    </tr>\n",
       "  </tbody>\n",
       "</table>\n",
       "<p>241 rows × 7 columns</p>\n",
       "</div>"
      ],
      "text/plain": [
       "                  ^FCHI        ^GSPC     ^JKSE     ^KS11         ^MXX  \\\n",
       "Date                                                                    \n",
       "2000-01-01  6811.006068  1394.459961  0.055622  0.788340   589.184603   \n",
       "2000-02-01  7450.190983  1366.420044  0.050393  0.691873   659.224671   \n",
       "2000-03-01  7564.621943  1498.579956  0.050981  0.719068   668.591637   \n",
       "2000-04-01  7725.480694  1452.430054  0.046039  0.605855   594.106075   \n",
       "2000-05-01  7733.350379  1420.599976  0.039710  0.611275   533.311269   \n",
       "...                 ...          ...       ...       ...          ...   \n",
       "2019-09-01  6240.427184  2976.739990  0.435118  1.705747  2140.460400   \n",
       "2019-10-01  6245.078868  3037.560059  0.437938  1.740221  2196.205403   \n",
       "2019-11-01  6587.870861  3140.979980  0.425586  1.787178  2226.101606   \n",
       "2019-12-01  6586.450341  3230.780029  0.454275  1.865515  2228.700966   \n",
       "2020-01-01  6515.192856  3225.520020  0.428513  1.835594  2331.626284   \n",
       "\n",
       "                    ^NYA         ^RUT  \n",
       "Date                                   \n",
       "2000-01-01   6574.009766   496.230011  \n",
       "2000-02-01   6266.419922   577.710022  \n",
       "2000-03-01   6848.609863   539.090027  \n",
       "2000-04-01   6811.169922   506.250000  \n",
       "2000-05-01   6805.250000   476.179993  \n",
       "...                  ...          ...  \n",
       "2019-09-01  13004.740234  1523.369995  \n",
       "2019-10-01  13171.809570  1562.449951  \n",
       "2019-11-01  13545.209961  1624.500000  \n",
       "2019-12-01  13913.030273  1668.469971  \n",
       "2020-01-01  13614.099609  1614.060059  \n",
       "\n",
       "[241 rows x 7 columns]"
      ]
     },
     "execution_count": 4,
     "metadata": {},
     "output_type": "execute_result"
    }
   ],
   "source": [
    "data"
   ]
  },
  {
   "cell_type": "code",
   "execution_count": 5,
   "id": "ad7833f1",
   "metadata": {},
   "outputs": [],
   "source": [
    "a = {}"
   ]
  },
  {
   "cell_type": "code",
   "execution_count": 6,
   "id": "bf757634",
   "metadata": {},
   "outputs": [],
   "source": [
    "# 10 years sliding window\n",
    "sliding_windows_data = {}\n",
    "\n",
    "for j in range(11):\n",
    "    i=12 *j\n",
    "    returns = (data / data.shift(1))[1+i:12*10 +i] \n",
    "    logReturn = np.log(returns)\n",
    "    #var(aX) = a^2var(X), cov(aX, aX) = a^2 cov(X,X)\n",
    "    yearly_mean = 12 * logReturn.mean()\n",
    "    yearly_var = 12 * logReturn.var()\n",
    "    yearly_std = np.sqrt(yearly_var)\n",
    "    yearly_cov = 12 * logReturn.cov()\n",
    "\n",
    "    sliding_windows_data[str(j+1) +'_yearly_mean'] = yearly_mean\n",
    "    sliding_windows_data[str(j+1) +'_yearly_var'] = yearly_var\n",
    "    sliding_windows_data[str(j+1) +'_yearly_std'] = yearly_std\n",
    "    sliding_windows_data[str(j+1) +'_yearly_cov'] = yearly_cov"
   ]
  },
  {
   "cell_type": "code",
   "execution_count": 7,
   "id": "c557691b",
   "metadata": {},
   "outputs": [
    {
     "name": "stdout",
     "output_type": "stream",
     "text": [
      "SLIDING WINDOW  1\n",
      "^FCHI   -0.014171\n",
      "^GSPC   -0.022544\n",
      "^JKSE    0.131009\n",
      "^KS11    0.061436\n",
      "^MXX     0.145157\n",
      "^NYA     0.008961\n",
      "^RUT     0.023328\n",
      "dtype: float64\n",
      "____________________________________________________________\n",
      "SLIDING WINDOW  2\n",
      "^FCHI   -0.038160\n",
      "^GSPC   -0.008335\n",
      "^JKSE    0.218437\n",
      "^KS11    0.124104\n",
      "^MXX     0.168452\n",
      "^NYA     0.012764\n",
      "^RUT     0.043645\n",
      "dtype: float64\n",
      "____________________________________________________________\n",
      "SLIDING WINDOW  3\n",
      "^FCHI   -0.023635\n",
      "^GSPC    0.010771\n",
      "^JKSE    0.205159\n",
      "^KS11    0.094875\n",
      "^MXX     0.149197\n",
      "^NYA     0.020247\n",
      "^RUT     0.043126\n",
      "dtype: float64\n",
      "____________________________________________________________\n",
      "SLIDING WINDOW  4\n",
      "^FCHI    0.029403\n",
      "^GSPC    0.051513\n",
      "^JKSE    0.211405\n",
      "^KS11    0.135330\n",
      "^MXX     0.186215\n",
      "^NYA     0.055520\n",
      "^RUT     0.083205\n",
      "dtype: float64\n",
      "____________________________________________________________\n",
      "SLIDING WINDOW  5\n",
      "^FCHI    0.024433\n",
      "^GSPC    0.049521\n",
      "^JKSE    0.142523\n",
      "^KS11    0.099046\n",
      "^MXX     0.136537\n",
      "^NYA     0.046601\n",
      "^RUT     0.070081\n",
      "dtype: float64\n",
      "____________________________________________________________\n",
      "SLIDING WINDOW  6\n",
      "^FCHI   -0.000015\n",
      "^GSPC    0.056025\n",
      "^JKSE    0.135044\n",
      "^KS11    0.068375\n",
      "^MXX     0.097493\n",
      "^NYA     0.042808\n",
      "^RUT     0.066333\n",
      "dtype: float64\n",
      "____________________________________________________________\n",
      "SLIDING WINDOW  7\n",
      "^FCHI   -0.017976\n",
      "^GSPC    0.047189\n",
      "^JKSE    0.097952\n",
      "^KS11    0.018966\n",
      "^MXX     0.038064\n",
      "^NYA     0.022604\n",
      "^RUT     0.044143\n",
      "dtype: float64\n",
      "____________________________________________________________\n",
      "SLIDING WINDOW  8\n",
      "^FCHI   -0.036574\n",
      "^GSPC    0.044625\n",
      "^JKSE    0.069628\n",
      "^KS11    0.011640\n",
      "^MXX    -0.014532\n",
      "^NYA     0.017942\n",
      "^RUT     0.053253\n",
      "dtype: float64\n",
      "____________________________________________________________\n",
      "SLIDING WINDOW  9\n",
      "^FCHI   -0.011860\n",
      "^GSPC    0.066796\n",
      "^JKSE    0.052916\n",
      "^KS11    0.025996\n",
      "^MXX     0.000039\n",
      "^NYA     0.034184\n",
      "^RUT     0.077316\n",
      "dtype: float64\n",
      "____________________________________________________________\n",
      "SLIDING WINDOW  10\n",
      "^FCHI    0.025721\n",
      "^GSPC    0.111966\n",
      "^JKSE    0.129967\n",
      "^KS11    0.067513\n",
      "^MXX     0.037634\n",
      "^NYA     0.079010\n",
      "^RUT     0.112137\n",
      "dtype: float64\n",
      "____________________________________________________________\n",
      "SLIDING WINDOW  11\n",
      "^FCHI    0.020824\n",
      "^GSPC    0.111071\n",
      "^JKSE    0.049905\n",
      "^KS11    0.029519\n",
      "^MXX    -0.004293\n",
      "^NYA     0.070957\n",
      "^RUT     0.102790\n",
      "dtype: float64\n",
      "____________________________________________________________\n"
     ]
    }
   ],
   "source": [
    "#expected yearly returns:\n",
    "for j in range(11):\n",
    "    print(\"SLIDING WINDOW \", j+1)\n",
    "    print(sliding_windows_data[str(j+1) +'_yearly_mean'])\n",
    "    print(\"____________________________________________________________\")"
   ]
  },
  {
   "cell_type": "code",
   "execution_count": 8,
   "id": "2ad94457",
   "metadata": {},
   "outputs": [
    {
     "name": "stdout",
     "output_type": "stream",
     "text": [
      "SLIDING WINDOW  1\n",
      "          ^FCHI     ^GSPC     ^JKSE     ^KS11      ^MXX      ^NYA      ^RUT\n",
      "^FCHI  0.049806  0.030266  0.026973  0.043901  0.037011  0.029514  0.037037\n",
      "^GSPC  0.030266  0.026898  0.020098  0.032241  0.030335  0.026041  0.029215\n",
      "^JKSE  0.026973  0.020098  0.095920  0.057075  0.043570  0.023511  0.029088\n",
      "^KS11  0.043901  0.032241  0.057075  0.096574  0.048179  0.031714  0.038048\n",
      "^MXX   0.037011  0.030335  0.043570  0.048179  0.060982  0.029814  0.043266\n",
      "^NYA   0.029514  0.026041  0.023511  0.031714  0.029814  0.027178  0.028480\n",
      "^RUT   0.037037  0.029215  0.029088  0.038048  0.043266  0.028480  0.048064\n",
      "____________________________________________________________\n",
      "SLIDING WINDOW  2\n",
      "          ^FCHI     ^GSPC     ^JKSE     ^KS11      ^MXX      ^NYA      ^RUT\n",
      "^FCHI  0.053186  0.032035  0.025755  0.047606  0.038069  0.032161  0.037629\n",
      "^GSPC  0.032035  0.027883  0.005419  0.031207  0.029539  0.027829  0.032200\n",
      "^JKSE  0.025755  0.005419  1.205151  0.045923  0.044248  0.006367  0.021395\n",
      "^KS11  0.047606  0.031207  0.045923  0.080572  0.042951  0.032294  0.038154\n",
      "^MXX   0.038069  0.029539  0.044248  0.042951  0.053496  0.031239  0.039057\n",
      "^NYA   0.032161  0.027829  0.006367  0.032294  0.031239  0.029169  0.032707\n",
      "^RUT   0.037629  0.032200  0.021395  0.038154  0.039057  0.032707  0.046374\n",
      "____________________________________________________________\n",
      "SLIDING WINDOW  3\n",
      "          ^FCHI     ^GSPC     ^JKSE     ^KS11      ^MXX      ^NYA      ^RUT\n",
      "^FCHI  0.051955  0.030024  0.029173  0.044539  0.035194  0.031557  0.035947\n",
      "^GSPC  0.030024  0.026377  0.007640  0.027113  0.026385  0.027547  0.031664\n",
      "^JKSE  0.029173  0.007640  1.197710  0.047975  0.042721  0.008685  0.024124\n",
      "^KS11  0.044539  0.027113  0.047975  0.073718  0.037731  0.029583  0.033154\n",
      "^MXX   0.035194  0.026385  0.042721  0.037731  0.049793  0.029191  0.035264\n",
      "^NYA   0.031557  0.027547  0.008685  0.029583  0.029191  0.029979  0.033577\n",
      "^RUT   0.035947  0.031664  0.024124  0.033154  0.035264  0.033577  0.046071\n",
      "____________________________________________________________\n",
      "SLIDING WINDOW  4\n",
      "          ^FCHI     ^GSPC     ^JKSE     ^KS11      ^MXX      ^NYA      ^RUT\n",
      "^FCHI  0.044093  0.024054  0.030109  0.038853  0.031343  0.026630  0.030169\n",
      "^GSPC  0.024054  0.022623  0.009116  0.023014  0.023298  0.024550  0.028451\n",
      "^JKSE  0.030109  0.009116  1.189536  0.049481  0.042785  0.009658  0.022480\n",
      "^KS11  0.038853  0.023014  0.049481  0.067168  0.035260  0.026186  0.029338\n",
      "^MXX   0.031343  0.023298  0.042785  0.035260  0.048269  0.026544  0.031094\n",
      "^NYA   0.026630  0.024550  0.009658  0.026186  0.026544  0.027697  0.030979\n",
      "^RUT   0.030169  0.028451  0.022480  0.029338  0.031094  0.030979  0.041567\n",
      "____________________________________________________________\n",
      "SLIDING WINDOW  5\n",
      "          ^FCHI     ^GSPC     ^JKSE     ^KS11      ^MXX      ^NYA      ^RUT\n",
      "^FCHI  0.042299  0.023098  0.025954  0.035720  0.029896  0.025492  0.028514\n",
      "^GSPC  0.023098  0.022312  0.007242  0.021191  0.022508  0.024031  0.027814\n",
      "^JKSE  0.025954  0.007242  1.120183  0.044699  0.039889  0.007669  0.018803\n",
      "^KS11  0.035720  0.021191  0.044699  0.063482  0.034251  0.024348  0.026358\n",
      "^MXX   0.029896  0.022508  0.039889  0.034251  0.048275  0.025692  0.029545\n",
      "^NYA   0.025492  0.024031  0.007669  0.024348  0.025692  0.026976  0.030115\n",
      "^RUT   0.028514  0.027814  0.018803  0.026358  0.029545  0.030115  0.040067\n",
      "____________________________________________________________\n",
      "SLIDING WINDOW  6\n",
      "          ^FCHI     ^GSPC     ^JKSE     ^KS11      ^MXX      ^NYA      ^RUT\n",
      "^FCHI  0.042478  0.022934  0.025939  0.035389  0.028942  0.025341  0.027525\n",
      "^GSPC  0.022934  0.022372  0.006870  0.020512  0.021842  0.024074  0.027669\n",
      "^JKSE  0.025939  0.006870  1.117651  0.042963  0.039444  0.007215  0.017391\n",
      "^KS11  0.035389  0.020512  0.042963  0.061705  0.033442  0.023522  0.024381\n",
      "^MXX   0.028942  0.021842  0.039444  0.033442  0.047711  0.024914  0.027909\n",
      "^NYA   0.025341  0.024074  0.007215  0.023522  0.024914  0.027037  0.029967\n",
      "^RUT   0.027525  0.027669  0.017391  0.024381  0.027909  0.029967  0.040169\n",
      "____________________________________________________________\n",
      "SLIDING WINDOW  7\n",
      "          ^FCHI     ^GSPC     ^JKSE     ^KS11      ^MXX      ^NYA      ^RUT\n",
      "^FCHI  0.045218  0.024136  0.025973  0.034716  0.027600  0.026250  0.027910\n",
      "^GSPC  0.024136  0.023583  0.006985  0.020174  0.022326  0.025165  0.028184\n",
      "^JKSE  0.025973  0.006985  1.117956  0.040928  0.038693  0.007238  0.016969\n",
      "^KS11  0.034716  0.020174  0.040928  0.057200  0.029450  0.022830  0.022965\n",
      "^MXX   0.027600  0.022326  0.038693  0.029450  0.046027  0.024981  0.027571\n",
      "^NYA   0.026250  0.025165  0.007238  0.022830  0.024981  0.027895  0.030327\n",
      "^RUT   0.027910  0.028184  0.016969  0.022965  0.027571  0.030327  0.039877\n",
      "____________________________________________________________\n",
      "SLIDING WINDOW  8\n",
      "          ^FCHI     ^GSPC     ^JKSE     ^KS11      ^MXX      ^NYA      ^RUT\n",
      "^FCHI  0.045707  0.024254  0.025273  0.035911  0.027397  0.026300  0.028276\n",
      "^GSPC  0.024254  0.024236  0.006261  0.020326  0.021699  0.025770  0.029337\n",
      "^JKSE  0.025273  0.006261  1.114276  0.040443  0.035891  0.006151  0.015778\n",
      "^KS11  0.035911  0.020326  0.040443  0.057941  0.030207  0.022992  0.023446\n",
      "^MXX   0.027397  0.021699  0.035891  0.030207  0.043721  0.024193  0.026625\n",
      "^NYA   0.026300  0.025770  0.006151  0.022992  0.024193  0.028439  0.031421\n",
      "^RUT   0.028276  0.029337  0.015778  0.023446  0.026625  0.031421  0.041932\n",
      "____________________________________________________________\n",
      "SLIDING WINDOW  9\n",
      "          ^FCHI     ^GSPC     ^JKSE     ^KS11      ^MXX      ^NYA      ^RUT\n",
      "^FCHI  0.043227  0.022598  0.023207  0.033067  0.026381  0.024521  0.026337\n",
      "^GSPC  0.022598  0.023161  0.005631  0.018867  0.020590  0.024673  0.027964\n",
      "^JKSE  0.023207  0.005631  1.109417  0.036577  0.034983  0.005144  0.015493\n",
      "^KS11  0.033067  0.018867  0.036577  0.052039  0.028608  0.021229  0.021907\n",
      "^MXX   0.026381  0.020590  0.034983  0.028608  0.045037  0.023076  0.025283\n",
      "^NYA   0.024521  0.024673  0.005144  0.021229  0.023076  0.027301  0.030151\n",
      "^RUT   0.026337  0.027964  0.015493  0.021907  0.025283  0.030151  0.040336\n",
      "____________________________________________________________\n",
      "SLIDING WINDOW  10\n",
      "          ^FCHI     ^GSPC     ^JKSE     ^KS11      ^MXX      ^NYA      ^RUT\n",
      "^FCHI  0.034956  0.016082  0.010396  0.024302  0.019690  0.017400  0.018527\n",
      "^GSPC  0.016082  0.017721 -0.004401  0.013174  0.011735  0.018367  0.021543\n",
      "^JKSE  0.010396 -0.004401  1.084095  0.015693  0.022551 -0.006302  0.003090\n",
      "^KS11  0.024302  0.013174  0.015693  0.032543  0.021358  0.014704  0.016256\n",
      "^MXX   0.019690  0.011735  0.022551  0.021358  0.035802  0.013113  0.013987\n",
      "^NYA   0.017400  0.018367 -0.006302  0.014704  0.013113  0.019998  0.022624\n",
      "^RUT   0.018527  0.021543  0.003090  0.016256  0.013987  0.022624  0.032555\n",
      "____________________________________________________________\n",
      "SLIDING WINDOW  11\n",
      "          ^FCHI     ^GSPC     ^JKSE     ^KS11      ^MXX      ^NYA      ^RUT\n",
      "^FCHI  0.026823  0.012192  0.002933  0.015292  0.010796  0.012956  0.013235\n",
      "^GSPC  0.012192  0.015388 -0.008318  0.008985  0.006516  0.015589  0.018868\n",
      "^JKSE  0.002933 -0.008318  1.072934  0.006340  0.012695 -0.011262 -0.002123\n",
      "^KS11  0.015292  0.008985  0.006340  0.022233  0.011652  0.009729  0.010806\n",
      "^MXX   0.010796  0.006516  0.012695  0.011652  0.026497  0.007018  0.007421\n",
      "^NYA   0.012956  0.015589 -0.011262  0.009729  0.007018  0.016606  0.019553\n",
      "^RUT   0.013235  0.018868 -0.002123  0.010806  0.007421  0.019553  0.028848\n",
      "____________________________________________________________\n"
     ]
    }
   ],
   "source": [
    "#cov_matrices:\n",
    "for j in range(11):\n",
    "    print(\"SLIDING WINDOW \", j+1)\n",
    "    print(sliding_windows_data[str(j+1) +'_yearly_cov'])\n",
    "    print(\"____________________________________________________________\")"
   ]
  },
  {
   "cell_type": "code",
   "execution_count": 9,
   "id": "9ef469d5",
   "metadata": {},
   "outputs": [
    {
     "data": {
