{
 "cells": [
  {
   "cell_type": "code",
   "execution_count": 22,
   "id": "2a500609",
   "metadata": {},
   "outputs": [],
   "source": [
    "import pandas as pd\n",
    "from pandas_datareader import data as pdr\n",
    "import yfinance as yf\n",
    "import datetime as dt\n",
    "import numpy as np\n",
    "import matplotlib.pyplot as plt\n",
    "\n",
    "yf.pdr_override()\n",
    "\n",
    "#y_symbol_pairs = [('^GSPC', 'USD'), ('^MXX', 'MXN'), ('^FCHI', 'EUR'), ('^NYA', 'USD'),('^JKSE', 'IDR'), ('^RUT', 'USD'), ('^KS11', 'KRW')]\n",
    "y_symbol_pairs = [('^GSPC', 'USD'), ('^MXX', 'MXN'), ('^HSI', 'HKD'), ('^N225', 'JPY'),('^JKSE', 'IDR'), ('^N100', 'EUR'), ('^KLSE', 'MYR')]\n",
    "#y_symbol_pairs = [('XWD.TO', 'USD'), ('^MXX', 'MXN'), ('^GSPC', 'USD'), ('^MXX', 'MXN'), ('^GSPC', 'USD'),('^GSPC', 'USD'),('^GSPC', 'USD')]\n",
    "#y_symbol_pairs = [('^GSPC', 'USD')]\n",
    "#y_symbol_pairs = [('XWD.TO', 'USD'), ('XWD.TO', 'USD'), ('XWD.TO', 'USD'), ('XWD.TO', 'USD'), ('XWD.TO', 'USD'), ('XWD.TO', 'USD'), ('XWD.TO', 'USD')]\n",
    "\n",
    "\n",
    "#y_symbols = ['^GSPC' , '^MXX', '^FCHI','^NYA','^JKSE', '^RUT', '^KS11' ]\n",
    "#y_symbols = ['AAPL', 'MSFT', 'KO', 'PEP', 'GE', 'GM', 'F' ]\n",
    "\n",
    "\n",
    "start_date = dt.datetime(2000,1,1)\n",
    "end_date = dt.datetime(2020,1,2)\n"
   ]
  },
  {
   "cell_type": "code",
   "execution_count": 23,
   "id": "ff54fc99",
   "metadata": {},
   "outputs": [],
   "source": [
    "def convert_to_USD(index_data, currency):\n",
    "    if currency == 'USD':\n",
    "        return index_data\n",
    "    # get historical conversion rate to USD\n",
    "    tckr = yf.Ticker(currency+\"USD=X\")\n",
    "    df = tckr.history(start=start_date, end=end_date)\n",
    "    # fixing stupid error in the data\n",
    "    if currency==\"IDR\":\n",
    "        df.loc[\"2010-11-01\"]=df.loc[\"2010-11-02\"]\n",
    "    currency_data = df.resample('BMS').first()\n",
    "    \n",
    "    # convert the data\n",
    "    for item in index_data.items():\n",
    "        closest_date = currency_data.index[currency_data.index.get_loc(item[0], method='nearest')]\n",
    "        #print(item[0])\n",
    "        #print(\"closest date: \" + str(closest_date))\n",
    "        #print(\"before: \" + str(item[1]))\n",
    "        exchange_rate = currency_data.loc[closest_date][\"Open\"]\n",
    "        #print(\"exchange_rate: \" + str(exchange_rate))\n",
    "        index_data[item[0]] = item[1]*exchange_rate\n",
    "        #print(\"after: \" + str(index_data[item[0]]))\n",
    "        #print(\"________________________________\")\n",
    "    \n",
    "    return index_data"
   ]
  },
  {
   "cell_type": "code",
   "execution_count": 24,
   "id": "6ce307a7",
   "metadata": {},
   "outputs": [
    {
     "name": "stdout",
     "output_type": "stream",
     "text": [
      "[*********************100%***********************]  7 of 7 completed\n"
     ]
    },
    {
     "name": "stderr",
     "output_type": "stream",
     "text": [
      "/tmp/ipykernel_19715/185822286.py:14: FutureWarning: Indexing a timezone-aware DatetimeIndex with a timezone-naive datetime is deprecated and will raise KeyError in a future version. Use a timezone-aware object instead.\n",
      "  closest_date = currency_data.index[currency_data.index.get_loc(item[0], method='nearest')]\n",
      "/tmp/ipykernel_19715/185822286.py:14: FutureWarning: Passing method to DatetimeIndex.get_loc is deprecated and will raise in a future version. Use index.get_indexer([item], method=...) instead.\n",
      "  closest_date = currency_data.index[currency_data.index.get_loc(item[0], method='nearest')]\n",
      "/tmp/ipykernel_19715/185822286.py:14: FutureWarning: Indexing a timezone-aware DatetimeIndex with a timezone-naive datetime is deprecated and will raise KeyError in a future version. Use a timezone-aware object instead.\n",
      "  closest_date = currency_data.index[currency_data.index.get_loc(item[0], method='nearest')]\n",
      "/tmp/ipykernel_19715/185822286.py:14: FutureWarning: Passing method to DatetimeIndex.get_loc is deprecated and will raise in a future version. Use index.get_indexer([item], method=...) instead.\n",
      "  closest_date = currency_data.index[currency_data.index.get_loc(item[0], method='nearest')]\n",
      "/tmp/ipykernel_19715/185822286.py:14: FutureWarning: Indexing a timezone-aware DatetimeIndex with a timezone-naive datetime is deprecated and will raise KeyError in a future version. Use a timezone-aware object instead.\n",
      "  closest_date = currency_data.index[currency_data.index.get_loc(item[0], method='nearest')]\n",
      "/tmp/ipykernel_19715/185822286.py:14: FutureWarning: Passing method to DatetimeIndex.get_loc is deprecated and will raise in a future version. Use index.get_indexer([item], method=...) instead.\n",
      "  closest_date = currency_data.index[currency_data.index.get_loc(item[0], method='nearest')]\n",
      "/tmp/ipykernel_19715/185822286.py:14: FutureWarning: Indexing a timezone-aware DatetimeIndex with a timezone-naive datetime is deprecated and will raise KeyError in a future version. Use a timezone-aware object instead.\n",
      "  closest_date = currency_data.index[currency_data.index.get_loc(item[0], method='nearest')]\n",
      "/tmp/ipykernel_19715/185822286.py:14: FutureWarning: Passing method to DatetimeIndex.get_loc is deprecated and will raise in a future version. Use index.get_indexer([item], method=...) instead.\n",
      "  closest_date = currency_data.index[currency_data.index.get_loc(item[0], method='nearest')]\n",
      "/tmp/ipykernel_19715/185822286.py:14: FutureWarning: Indexing a timezone-aware DatetimeIndex with a timezone-naive datetime is deprecated and will raise KeyError in a future version. Use a timezone-aware object instead.\n",
      "  closest_date = currency_data.index[currency_data.index.get_loc(item[0], method='nearest')]\n",
      "/tmp/ipykernel_19715/185822286.py:14: FutureWarning: Passing method to DatetimeIndex.get_loc is deprecated and will raise in a future version. Use index.get_indexer([item], method=...) instead.\n",
      "  closest_date = currency_data.index[currency_data.index.get_loc(item[0], method='nearest')]\n",
      "/tmp/ipykernel_19715/185822286.py:14: FutureWarning: Indexing a timezone-aware DatetimeIndex with a timezone-naive datetime is deprecated and will raise KeyError in a future version. Use a timezone-aware object instead.\n",
      "  closest_date = currency_data.index[currency_data.index.get_loc(item[0], method='nearest')]\n",
      "/tmp/ipykernel_19715/185822286.py:14: FutureWarning: Passing method to DatetimeIndex.get_loc is deprecated and will raise in a future version. Use index.get_indexer([item], method=...) instead.\n",
      "  closest_date = currency_data.index[currency_data.index.get_loc(item[0], method='nearest')]\n"
     ]
    }
   ],
   "source": [
    "data = pdr.get_data_yahoo([symbol for symbol, _ in y_symbol_pairs], start=start_date, end=end_date, interval='1mo')['Adj Close']\n",
    "\n",
    "for symbol, currency in y_symbol_pairs:\n",
    "    data[symbol] = convert_to_USD(data[symbol], currency)\n"
   ]
  },
  {
   "cell_type": "code",
   "execution_count": 25,
   "id": "b8ce111f",
   "metadata": {},
   "outputs": [
    {
     "data": {
      "text/html": [
       "<div>\n",
       "<style scoped>\n",
       "    .dataframe tbody tr th:only-of-type {\n",
       "        vertical-align: middle;\n",
       "    }\n",
       "\n",
       "    .dataframe tbody tr th {\n",
       "        vertical-align: top;\n",
       "    }\n",
       "\n",
       "    .dataframe thead th {\n",
       "        text-align: right;\n",
       "    }\n",
       "</style>\n",
       "<table border=\"1\" class=\"dataframe\">\n",
       "  <thead>\n",
       "    <tr style=\"text-align: right;\">\n",
       "      <th></th>\n",
       "      <th>^GSPC</th>\n",
       "      <th>^HSI</th>\n",
       "      <th>^JKSE</th>\n",
       "      <th>^KLSE</th>\n",
       "      <th>^MXX</th>\n",
       "      <th>^N100</th>\n",
       "      <th>^N225</th>\n",
       "    </tr>\n",
       "    <tr>\n",
       "      <th>Date</th>\n",
       "      <th></th>\n",
       "      <th></th>\n",
       "      <th></th>\n",
       "      <th></th>\n",
       "      <th></th>\n",
       "      <th></th>\n",
       "      <th></th>\n",
       "    </tr>\n",
       "  </thead>\n",
       "  <tbody>\n",
       "    <tr>\n",
       "      <th>2010-01-01</th>\n",
       "      <td>1073.869995</td>\n",
       "      <td>2595.381292</td>\n",
       "      <td>0.276943</td>\n",
       "      <td>371.916351</td>\n",
       "      <td>2325.633303</td>\n",
       "      <td>943.981257</td>\n",
       "      <td>109.727131</td>\n",
       "    </tr>\n",
       "    <tr>\n",
       "      <th>2010-02-01</th>\n",
       "      <td>1104.489990</td>\n",
       "      <td>2653.571711</td>\n",
       "      <td>0.272334</td>\n",
       "      <td>372.870518</td>\n",
       "      <td>2420.837666</td>\n",
       "      <td>904.672019</td>\n",
       "      <td>112.187349</td>\n",
       "    </tr>\n",
       "    <tr>\n",
       "      <th>2010-03-01</th>\n",
       "      <td>1169.430054</td>\n",
       "      <td>2736.468930</td>\n",
       "      <td>0.297585</td>\n",
       "      <td>396.579476</td>\n",
       "      <td>2607.364880</td>\n",
       "      <td>952.972802</td>\n",
       "      <td>124.824868</td>\n",
       "    </tr>\n",
       "    <tr>\n",
       "      <th>2010-04-01</th>\n",
       "      <td>1186.689941</td>\n",
       "      <td>2718.987779</td>\n",
       "      <td>0.326443</td>\n",
       "      <td>413.063337</td>\n",
       "      <td>2646.361006</td>\n",
       "      <td>920.327500</td>\n",
       "      <td>118.147248</td>\n",
       "    </tr>\n",
       "    <tr>\n",
       "      <th>2010-05-01</th>\n",
       "      <td>1089.410034</td>\n",
       "      <td>2545.633384</td>\n",
       "      <td>0.310376</td>\n",
       "      <td>411.479731</td>\n",
       "      <td>2606.559655</td>\n",
       "      <td>846.758521</td>\n",
       "      <td>103.913496</td>\n",
       "    </tr>\n",
       "    <tr>\n",
       "      <th>...</th>\n",
       "      <td>...</td>\n",
       "      <td>...</td>\n",
       "      <td>...</td>\n",
       "      <td>...</td>\n",
       "      <td>...</td>\n",
       "      <td>...</td>\n",
       "      <td>...</td>\n",
       "    </tr>\n",
       "    <tr>\n",
       "      <th>2019-09-01</th>\n",
       "      <td>2976.739990</td>\n",
       "      <td>3326.949763</td>\n",
       "      <td>0.435118</td>\n",
       "      <td>376.852256</td>\n",
       "      <td>2140.460400</td>\n",
       "      <td>1208.091630</td>\n",
       "      <td>204.946029</td>\n",
       "    </tr>\n",
       "    <tr>\n",
       "      <th>2019-10-01</th>\n",
       "      <td>3037.560059</td>\n",
       "      <td>3432.680093</td>\n",
       "      <td>0.437938</td>\n",
       "      <td>381.652750</td>\n",
       "      <td>2196.205403</td>\n",
       "      <td>1196.610370</td>\n",
       "      <td>212.173464</td>\n",
       "    </tr>\n",
       "    <tr>\n",
       "      <th>2019-11-01</th>\n",
       "      <td>3140.979980</td>\n",
       "      <td>3361.936980</td>\n",
       "      <td>0.425586</td>\n",
       "      <td>374.069449</td>\n",
       "      <td>2226.101606</td>\n",
       "      <td>1260.606611</td>\n",
       "      <td>215.650404</td>\n",
       "    </tr>\n",
       "    <tr>\n",
       "      <th>2019-12-01</th>\n",
       "      <td>3230.780029</td>\n",
       "      <td>3600.968626</td>\n",
       "      <td>0.454275</td>\n",
       "      <td>380.632504</td>\n",
       "      <td>2228.700966</td>\n",
       "      <td>1260.855182</td>\n",
       "      <td>215.979075</td>\n",
       "    </tr>\n",
       "    <tr>\n",
       "      <th>2020-01-01</th>\n",
       "      <td>3225.520020</td>\n",
       "      <td>3379.262800</td>\n",
       "      <td>0.428513</td>\n",
       "      <td>374.525463</td>\n",
       "      <td>2331.626284</td>\n",
       "      <td>1256.990559</td>\n",
       "      <td>213.518389</td>\n",
       "    </tr>\n",
       "  </tbody>\n",
       "</table>\n",
       "<p>121 rows × 7 columns</p>\n",
       "</div>"
      ],
      "text/plain": [
       "                  ^GSPC         ^HSI     ^JKSE       ^KLSE         ^MXX  \\\n",
       "Date                                                                      \n",
       "2010-01-01  1073.869995  2595.381292  0.276943  371.916351  2325.633303   \n",
       "2010-02-01  1104.489990  2653.571711  0.272334  372.870518  2420.837666   \n",
       "2010-03-01  1169.430054  2736.468930  0.297585  396.579476  2607.364880   \n",
       "2010-04-01  1186.689941  2718.987779  0.326443  413.063337  2646.361006   \n",
       "2010-05-01  1089.410034  2545.633384  0.310376  411.479731  2606.559655   \n",
       "...                 ...          ...       ...         ...          ...   \n",
       "2019-09-01  2976.739990  3326.949763  0.435118  376.852256  2140.460400   \n",
       "2019-10-01  3037.560059  3432.680093  0.437938  381.652750  2196.205403   \n",
       "2019-11-01  3140.979980  3361.936980  0.425586  374.069449  2226.101606   \n",
       "2019-12-01  3230.780029  3600.968626  0.454275  380.632504  2228.700966   \n",
       "2020-01-01  3225.520020  3379.262800  0.428513  374.525463  2331.626284   \n",
       "\n",
       "                  ^N100       ^N225  \n",
       "Date                                 \n",
       "2010-01-01   943.981257  109.727131  \n",
       "2010-02-01   904.672019  112.187349  \n",
       "2010-03-01   952.972802  124.824868  \n",
       "2010-04-01   920.327500  118.147248  \n",
       "2010-05-01   846.758521  103.913496  \n",
       "...                 ...         ...  \n",
       "2019-09-01  1208.091630  204.946029  \n",
       "2019-10-01  1196.610370  212.173464  \n",
       "2019-11-01  1260.606611  215.650404  \n",
       "2019-12-01  1260.855182  215.979075  \n",
       "2020-01-01  1256.990559  213.518389  \n",
       "\n",
       "[121 rows x 7 columns]"
      ]
     },
     "execution_count": 25,
     "metadata": {},
     "output_type": "execute_result"
    }
   ],
   "source": [
    "data[120:10*12+120+12]"
   ]
  },
  {
   "cell_type": "code",
   "execution_count": 26,
   "id": "3218c036",
   "metadata": {},
   "outputs": [],
   "source": [
    "#data = data.drop(['^MXX'], axis=1)\n",
    "#for i in range(6):\n",
    "#    data[f'XWD.TO{i}'] = data.loc[:, 'XWD.TO']\n",
    "#data"
   ]
  },
  {
   "cell_type": "code",
   "execution_count": 27,
   "id": "bf757634",
   "metadata": {},
   "outputs": [],
   "source": [
    "# 10 years sliding window\n",
    "sliding_windows_data = {}\n",
    "\n",
    "for j in range(11):\n",
    "    i=12*j\n",
    "    returns = (data / data.shift(1))[1+i:12*10+i]\n",
    "    logReturn = np.log(returns)\n",
    "    #var(aX) = a^2var(X), cov(aX, aX) = a^2 cov(X,X)\n",
    "    #print(returns)\n",
    "    yearly_mean = 12 * logReturn.mean()\n",
    "    yearly_var = 12 * logReturn.var()\n",
    "    yearly_std = np.sqrt(yearly_var)\n",
    "    yearly_cov = 12 * logReturn.cov()\n",
    "    \n",
    "    dates = (data.index[i], data.index[12*10+i])\n",
    "\n",
    "    sliding_windows_data[str(j+1) +'_yearly_mean'] = yearly_mean\n",
    "    sliding_windows_data[str(j+1) +'_yearly_var'] = yearly_var\n",
    "    sliding_windows_data[str(j+1) +'_yearly_std'] = yearly_std\n",
    "    sliding_windows_data[str(j+1) +'_yearly_cov'] = yearly_cov\n",
    "    sliding_windows_data[str(j+1) +'_dates'] = dates\n",
    "    \n",
    "    "
   ]
  },
  {
   "cell_type": "code",
   "execution_count": 31,
   "id": "ed23bb97",
   "metadata": {},
   "outputs": [
    {
     "data": {
      "text/plain": [
       "(Timestamp('2004-01-01 00:00:00'), Timestamp('2014-01-01 00:00:00'))"
      ]
     },
     "execution_count": 31,
     "metadata": {},
     "output_type": "execute_result"
    }
   ],
   "source": [
    "sliding_windows_data[\"5_dates\"]"
   ]
  },
  {
   "cell_type": "code",
   "execution_count": 7,
   "id": "c557691b",
   "metadata": {},
   "outputs": [
    {
     "name": "stdout",
     "output_type": "stream",
     "text": [
      "SLIDING WINDOW  1\n",
      "^GSPC   -0.022544\n",
      "^HSI     0.006737\n",
      "^JKSE    0.131009\n",
      "^KLSE    0.043844\n",
      "^MXX     0.145157\n",
      "^N100   -0.008553\n",
      "^N225   -0.045249\n",
      "dtype: float64\n",
      "____________________________________________________________\n",
      "SLIDING WINDOW  2\n",
      "^GSPC   -0.008335\n",
      "^HSI     0.008188\n",
      "^JKSE    0.218437\n",
      "^KLSE    0.091991\n",
      "^MXX     0.168452\n",
      "^N100   -0.030290\n",
      "^N225    0.001220\n",
      "dtype: float64\n",
      "____________________________________________________________\n",
      "SLIDING WINDOW  3\n",
      "^GSPC    0.010771\n",
      "^HSI     0.027717\n",
      "^JKSE    0.205159\n",
      "^KLSE    0.093878\n",
      "^MXX     0.149197\n",
      "^N100   -0.016468\n",
      "^N225    0.036468\n",
      "dtype: float64\n",
      "____________________________________________________________\n",
      "SLIDING WINDOW  4\n",
      "^GSPC    0.051513\n",
      "^HSI     0.065923\n",
      "^JKSE    0.211405\n",
      "^KLSE    0.118175\n",
      "^MXX     0.186215\n",
      "^N100    0.036164\n",
      "^N225    0.058998\n",
      "dtype: float64\n",
      "____________________________________________________________\n",
      "SLIDING WINDOW  5\n",
      "^GSPC    0.049521\n",
      "^HSI     0.056773\n",
      "^JKSE    0.142523\n",
      "^KLSE    0.099874\n",
      "^MXX     0.136537\n",
      "^N100    0.034025\n",
      "^N225    0.045908\n",
      "dtype: float64\n",
      "____________________________________________________________\n",
      "SLIDING WINDOW  6\n",
      "^GSPC    0.056025\n",
      "^HSI     0.054970\n",
      "^JKSE    0.135044\n",
      "^KLSE    0.076622\n",
      "^MXX     0.097493\n",
      "^N100    0.013041\n",
      "^N225    0.028120\n",
      "dtype: float64\n",
      "____________________________________________________________\n",
      "SLIDING WINDOW  7\n",
      "^GSPC    0.047189\n",
      "^HSI     0.033304\n",
      "^JKSE    0.097952\n",
      "^KLSE    0.050170\n",
      "^MXX     0.038064\n",
      "^N100   -0.004616\n",
      "^N225    0.009034\n",
      "dtype: float64\n",
      "____________________________________________________________\n",
      "SLIDING WINDOW  8\n",
      "^GSPC    0.044625\n",
      "^HSI     0.009312\n",
      "^JKSE    0.069628\n",
      "^KLSE    0.004184\n",
      "^MXX    -0.014532\n",
      "^N100   -0.026453\n",
      "^N225    0.013343\n",
      "dtype: float64\n",
      "____________________________________________________________\n",
      "SLIDING WINDOW  9\n",
      "^GSPC    0.066796\n",
      "^HSI     0.024378\n",
      "^JKSE    0.052916\n",
      "^KLSE    0.003423\n",
      "^MXX     0.000039\n",
      "^N100   -0.002701\n",
      "^N225    0.050783\n",
      "dtype: float64\n",
      "____________________________________________________________\n",
      "SLIDING WINDOW  10\n",
      "^GSPC    0.111966\n",
      "^HSI     0.066224\n",
      "^JKSE    0.129967\n",
      "^KLSE    0.044457\n",
      "^MXX     0.037634\n",
      "^N100    0.036311\n",
      "^N225    0.069651\n",
      "dtype: float64\n",
      "____________________________________________________________\n",
      "SLIDING WINDOW  11\n",
      "^GSPC    0.111071\n",
      "^HSI     0.033022\n",
      "^JKSE    0.049905\n",
      "^KLSE    0.002336\n",
      "^MXX    -0.004293\n",
      "^N100    0.029187\n",
      "^N225    0.068288\n",
      "dtype: float64\n",
      "____________________________________________________________\n"
     ]
    }
   ],
   "source": [
    "#expected yearly returns:\n",
    "for j in range(11):\n",
    "    print(\"SLIDING WINDOW \", j+1)\n",
    "    print(sliding_windows_data[str(j+1) +'_yearly_mean'])\n",
    "    print(\"____________________________________________________________\")"
   ]
  },
  {
   "cell_type": "code",
   "execution_count": 8,
   "id": "2ad94457",
   "metadata": {},
   "outputs": [
    {
     "name": "stdout",
     "output_type": "stream",
     "text": [
      "SLIDING WINDOW  1\n",
      "          ^GSPC      ^HSI     ^JKSE     ^KLSE      ^MXX     ^N100     ^N225\n",
      "^GSPC  0.026898  0.028728  0.020098  0.013397  0.030335  0.029928  0.017015\n",
      "^HSI   0.028728  0.057004  0.033806  0.023156  0.037867  0.034807  0.028817\n",
      "^JKSE  0.020098  0.033806  0.095920  0.031872  0.043570  0.029823  0.027365\n",
      "^KLSE  0.013397  0.023156  0.031872  0.036452  0.023242  0.021421  0.011107\n",
      "^MXX   0.030335  0.037867  0.043570  0.023242  0.060982  0.037311  0.024748\n",
      "^N100  0.029928  0.034807  0.029823  0.021421  0.037311  0.049451  0.023723\n",
      "^N225  0.017015  0.028817  0.027365  0.011107  0.024748  0.023723  0.046403\n",
      "____________________________________________________________\n",
      "SLIDING WINDOW  2\n",
      "          ^GSPC      ^HSI     ^JKSE     ^KLSE      ^MXX     ^N100     ^N225\n",
      "^GSPC  0.027883  0.029054  0.021728  0.013522  0.029539  0.031315  0.019312\n",
      "^HSI   0.029054  0.052937  0.032919  0.022611  0.032506  0.035213  0.030493\n",
      "^JKSE  0.021728  0.032919  0.089497  0.032739  0.039543  0.033278  0.023493\n",
      "^KLSE  0.013522  0.022611  0.032739  0.032856  0.021534  0.021987  0.011273\n",
      "^MXX   0.029539  0.032506  0.039543  0.021534  0.053496  0.038332  0.023348\n",
      "^N100  0.031315  0.035213  0.033278  0.021987  0.038332  0.052252  0.026730\n",
      "^N225  0.019312  0.030493  0.023493  0.011273  0.023348  0.026730  0.047877\n",
      "____________________________________________________________\n",
      "SLIDING WINDOW  3\n",
      "          ^GSPC      ^HSI     ^JKSE     ^KLSE      ^MXX     ^N100     ^N225\n",
      "^GSPC  0.026377  0.027240  0.023949  0.013154  0.026385  0.029312  0.017845\n",
      "^HSI   0.027240  0.051351  0.037013  0.021888  0.028848  0.032538  0.028217\n",
      "^JKSE  0.023949  0.037013  0.082057  0.029536  0.038016  0.035497  0.027672\n",
      "^KLSE  0.013154  0.021888  0.029536  0.028133  0.019683  0.022100  0.012779\n",
      "^MXX   0.026385  0.028848  0.038016  0.019683  0.049793  0.035246  0.021765\n",
      "^N100  0.029312  0.032538  0.035497  0.022100  0.035246  0.051132  0.024850\n",
      "^N225  0.017845  0.028217  0.027672  0.012779  0.021765  0.024850  0.043898\n",
      "____________________________________________________________\n",
      "SLIDING WINDOW  4\n",
      "          ^GSPC      ^HSI     ^JKSE     ^KLSE      ^MXX     ^N100     ^N225\n",
      "^GSPC  0.022623  0.025360  0.025424  0.011556  0.023298  0.023242  0.018434\n",
      "^HSI   0.025360  0.052087  0.037919  0.019991  0.026957  0.028725  0.029015\n",
      "^JKSE  0.025424  0.037919  0.073882  0.028639  0.038081  0.036245  0.025177\n",
      "^KLSE  0.011556  0.019991  0.028639  0.026955  0.018761  0.020006  0.013532\n",
      "^MXX   0.023298  0.026957  0.038081  0.018761  0.048269  0.031307  0.021089\n",
      "^N100  0.023242  0.028725  0.036245  0.020006  0.031307  0.042785  0.025062\n",
      "^N225  0.018434  0.029015  0.025177  0.013532  0.021089  0.025062  0.044022\n",
      "____________________________________________________________\n",
      "SLIDING WINDOW  5\n",
      "          ^GSPC      ^HSI     ^JKSE     ^KLSE      ^MXX     ^N100     ^N225\n",
      "^GSPC  0.022312  0.023960  0.022582  0.010773  0.022508  0.022463  0.018221\n",
      "^HSI   0.023960  0.049421  0.034344  0.017814  0.025718  0.027220  0.027430\n",
      "^JKSE  0.022582  0.034344  0.070712  0.027440  0.035464  0.031986  0.022773\n",
      "^KLSE  0.010773  0.017814  0.027440  0.026336  0.018696  0.018252  0.012038\n",
      "^MXX   0.022508  0.025718  0.035464  0.018696  0.048275  0.030032  0.020554\n",
      "^N100  0.022463  0.027220  0.031986  0.018252  0.030032  0.041385  0.023780\n",
      "^N225  0.018221  0.027430  0.022773  0.012038  0.020554  0.023780  0.044053\n",
      "____________________________________________________________\n",
      "SLIDING WINDOW  6\n",
      "          ^GSPC      ^HSI     ^JKSE     ^KLSE      ^MXX     ^N100     ^N225\n",
      "^GSPC  0.022372  0.023674  0.022211  0.010613  0.021842  0.022238  0.018252\n",
      "^HSI   0.023674  0.048874  0.032996  0.017121  0.025185  0.026653  0.028562\n",
      "^JKSE  0.022211  0.032996  0.068181  0.027125  0.035019  0.031807  0.022167\n",
      "^KLSE  0.010613  0.017121  0.027125  0.025745  0.018646  0.018247  0.012625\n",
      "^MXX   0.021842  0.025185  0.035019  0.018646  0.047711  0.028957  0.020329\n",
      "^N100  0.022238  0.026653  0.031807  0.018247  0.028957  0.041039  0.023029\n",
      "^N225  0.018252  0.028562  0.022167  0.012625  0.020329  0.023029  0.043757\n",
      "____________________________________________________________\n",
      "SLIDING WINDOW  7\n",
      "          ^GSPC      ^HSI     ^JKSE     ^KLSE      ^MXX     ^N100     ^N225\n",
      "^GSPC  0.023583  0.024729  0.022326  0.011089  0.022326  0.023463  0.019972\n",
      "^HSI   0.024729  0.052186  0.032878  0.017738  0.024531  0.027636  0.030254\n",
      "^JKSE  0.022326  0.032878  0.068486  0.029514  0.034267  0.032173  0.022526\n",
      "^KLSE  0.011089  0.017738  0.029514  0.027308  0.019097  0.019250  0.013831\n",
      "^MXX   0.022326  0.024531  0.034267  0.019097  0.046027  0.027714  0.019050\n",
      "^N100  0.023463  0.027636  0.032173  0.019250  0.027714  0.043929  0.024705\n",
      "^N225  0.019972  0.030254  0.022526  0.013831  0.019050  0.024705  0.044938\n",
      "____________________________________________________________\n",
      "SLIDING WINDOW  8\n",
      "          ^GSPC      ^HSI     ^JKSE     ^KLSE      ^MXX     ^N100     ^N225\n",
      "^GSPC  0.024236  0.025495  0.021601  0.010892  0.021699  0.023478  0.021193\n",
      "^HSI   0.025495  0.053605  0.032043  0.018228  0.024076  0.027377  0.032539\n",
      "^JKSE  0.021601  0.032043  0.064806  0.029142  0.031466  0.031263  0.023068\n",
      "^KLSE  0.010892  0.018228  0.029142  0.024867  0.018684  0.019292  0.015192\n",
      "^MXX   0.021699  0.024076  0.031466  0.018684  0.043721  0.027410  0.020574\n",
      "^N100  0.023478  0.027377  0.031263  0.019292  0.027410  0.043872  0.026230\n",
      "^N225  0.021193  0.032539  0.023068  0.015192  0.020574  0.026230  0.051710\n",
      "____________________________________________________________\n",
      "SLIDING WINDOW  9\n",
      "          ^GSPC      ^HSI     ^JKSE     ^KLSE      ^MXX     ^N100     ^N225\n",
      "^GSPC  0.023161  0.023714  0.020972  0.010427  0.020590  0.021864  0.019827\n",
      "^HSI   0.023714  0.046112  0.027820  0.016728  0.022893  0.023651  0.029730\n",
      "^JKSE  0.020972  0.027820  0.059946  0.026607  0.030558  0.029123  0.022736\n",
      "^KLSE  0.010427  0.016728  0.026607  0.023320  0.018425  0.018096  0.014979\n",
      "^MXX   0.020590  0.022893  0.030558  0.018425  0.045037  0.026337  0.019374\n",
      "^N100  0.021864  0.023651  0.029123  0.018096  0.026337  0.041383  0.024335\n",
      "^N225  0.019827  0.029730  0.022736  0.014979  0.019374  0.024335  0.049923\n",
      "____________________________________________________________\n",
      "SLIDING WINDOW  10\n",
      "          ^GSPC      ^HSI     ^JKSE     ^KLSE      ^MXX     ^N100     ^N225\n",
      "^GSPC  0.017721  0.016636  0.010940  0.005374  0.011735  0.015008  0.014525\n",
      "^HSI   0.016636  0.035287  0.015869  0.009515  0.013648  0.014997  0.019148\n",
      "^JKSE  0.010940  0.015869  0.034624  0.015111  0.018125  0.014952  0.010566\n",
      "^KLSE  0.005374  0.009515  0.015111  0.018094  0.015406  0.011423  0.008247\n",
      "^MXX   0.011735  0.013648  0.018125  0.015406  0.035802  0.019084  0.012474\n",
      "^N100  0.015008  0.014997  0.014952  0.011423  0.019084  0.030863  0.018013\n",
      "^N225  0.014525  0.019148  0.010566  0.008247  0.012474  0.018013  0.041229\n",
      "____________________________________________________________\n",
      "SLIDING WINDOW  11\n",
      "          ^GSPC      ^HSI     ^JKSE     ^KLSE      ^MXX     ^N100     ^N225\n",
      "^GSPC  0.015388  0.015002  0.007023  0.003514  0.006516  0.011226  0.014760\n",
      "^HSI   0.015002  0.031402  0.010049  0.005891  0.007296  0.011822  0.018201\n",
      "^JKSE  0.007023  0.010049  0.023463  0.009705  0.008269  0.007498  0.006425\n",
      "^KLSE  0.003514  0.005891  0.009705  0.014448  0.010496  0.007244  0.005755\n",
      "^MXX   0.006516  0.007296  0.008269  0.010496  0.026497  0.010327  0.008475\n",
      "^N100  0.011226  0.011822  0.007498  0.007244  0.010327  0.022886  0.014987\n",
      "^N225  0.014760  0.018201  0.006425  0.005755  0.008475  0.014987  0.037770\n",
      "____________________________________________________________\n"
     ]
    }
   ],
   "source": [
    "#cov_matrices:\n",
    "for j in range(11):\n",
    "    print(\"SLIDING WINDOW \", j+1)\n",
    "    print(sliding_windows_data[str(j+1) +'_yearly_cov'])\n",
    "    print(\"____________________________________________________________\")"
   ]
  },
  {
   "cell_type": "code",
   "execution_count": 9,
   "id": "9ef469d5",
   "metadata": {},
   "outputs": [
    {
     "data": {
