{
 "cells": [
  {
   "cell_type": "code",
   "execution_count": 1,
   "id": "2a500609",
   "metadata": {},
   "outputs": [
    {
     "name": "stdout",
     "output_type": "stream",
     "text": [
      "[*********************100%***********************]  7 of 7 completed\n"
     ]
    }
   ],
   "source": [
    "import pandas as pd\n",
    "from pandas_datareader import data as pdr\n",
    "import yfinance as yf\n",
    "import datetime as dt\n",
    "import numpy as np\n",
    "import matplotlib.pyplot as plt\n",
    "import yfinance as yf\n",
    "\n",
    "yf.pdr_override()\n",
    "\n",
    "y_symbols = ['^GSPC', '^MXX', '^FCHI','^NYA','^JKSE', '^RUT','^KS11' ]\n",
    "\n",
    "start_date = dt.datetime(2000,1,1)\n",
    "end_date = dt.datetime(2020,1,2)\n",
    "\n",
    "data = pdr.get_data_yahoo(y_symbols, start=start_date, end=end_date, interval='1mo')['Adj Close']"
   ]
  },
  {
   "cell_type": "code",
   "execution_count": 2,
   "id": "e63d1b20",
   "metadata": {},
   "outputs": [
    {
     "data": {
      "text/html": [
       "<div>\n",
       "<style scoped>\n",
       "    .dataframe tbody tr th:only-of-type {\n",
       "        vertical-align: middle;\n",
       "    }\n",
       "\n",
       "    .dataframe tbody tr th {\n",
       "        vertical-align: top;\n",
       "    }\n",
       "\n",
       "    .dataframe thead th {\n",
       "        text-align: right;\n",
       "    }\n",
       "</style>\n",
       "<table border=\"1\" class=\"dataframe\">\n",
       "  <thead>\n",
       "    <tr style=\"text-align: right;\">\n",
       "      <th></th>\n",
       "      <th>^FCHI</th>\n",
       "      <th>^GSPC</th>\n",
       "      <th>^JKSE</th>\n",
       "      <th>^KS11</th>\n",
       "      <th>^MXX</th>\n",
       "      <th>^NYA</th>\n",
       "      <th>^RUT</th>\n",
       "    </tr>\n",
       "    <tr>\n",
       "      <th>Date</th>\n",
       "      <th></th>\n",
       "      <th></th>\n",
       "      <th></th>\n",
       "      <th></th>\n",
       "      <th></th>\n",
       "      <th></th>\n",
       "      <th></th>\n",
       "    </tr>\n",
       "  </thead>\n",
       "  <tbody>\n",
       "    <tr>\n",
       "      <th>2000-01-01</th>\n",
       "      <td>5659.810059</td>\n",
       "      <td>1394.459961</td>\n",
       "      <td>636.372009</td>\n",
       "      <td>943.880005</td>\n",
       "      <td>6585.669922</td>\n",
       "      <td>6574.009766</td>\n",
       "      <td>496.230011</td>\n",
       "    </tr>\n",
       "    <tr>\n",
       "      <th>2000-02-01</th>\n",
       "      <td>6190.959961</td>\n",
       "      <td>1366.420044</td>\n",
       "      <td>576.541992</td>\n",
       "      <td>828.380005</td>\n",
       "      <td>7368.549805</td>\n",
       "      <td>6266.419922</td>\n",
       "      <td>577.710022</td>\n",
       "    </tr>\n",
       "    <tr>\n",
       "      <th>2000-03-01</th>\n",
       "      <td>6286.049805</td>\n",
       "      <td>1498.579956</td>\n",
       "      <td>583.276001</td>\n",
       "      <td>860.940002</td>\n",
       "      <td>7473.250000</td>\n",
       "      <td>6848.609863</td>\n",
       "      <td>539.090027</td>\n",
       "    </tr>\n",
       "    <tr>\n",
       "      <th>2000-04-01</th>\n",
       "      <td>6419.720215</td>\n",
       "      <td>1452.430054</td>\n",
       "      <td>526.737000</td>\n",
       "      <td>725.390015</td>\n",
       "      <td>6640.680176</td>\n",
       "      <td>6811.169922</td>\n",
       "      <td>506.250000</td>\n",
       "    </tr>\n",
       "    <tr>\n",
       "      <th>2000-05-01</th>\n",
       "      <td>6426.259766</td>\n",
       "      <td>1420.599976</td>\n",
       "      <td>454.326996</td>\n",
       "      <td>731.880005</td>\n",
       "      <td>5961.140137</td>\n",
       "      <td>6805.250000</td>\n",
       "      <td>476.179993</td>\n",
       "    </tr>\n",
       "    <tr>\n",
       "      <th>...</th>\n",
       "      <td>...</td>\n",
       "      <td>...</td>\n",
       "      <td>...</td>\n",
       "      <td>...</td>\n",
       "      <td>...</td>\n",
       "      <td>...</td>\n",
       "      <td>...</td>\n",
       "    </tr>\n",
       "    <tr>\n",
       "      <th>2019-09-01</th>\n",
       "      <td>5677.790039</td>\n",
       "      <td>2976.739990</td>\n",
       "      <td>6169.102051</td>\n",
       "      <td>2063.050049</td>\n",
       "      <td>43011.269531</td>\n",
       "      <td>13004.740234</td>\n",
       "      <td>1523.369995</td>\n",
       "    </tr>\n",
       "    <tr>\n",
       "      <th>2019-10-01</th>\n",
       "      <td>5729.859863</td>\n",
       "      <td>3037.560059</td>\n",
       "      <td>6228.316895</td>\n",
       "      <td>2083.479980</td>\n",
       "      <td>43337.281250</td>\n",
       "      <td>13171.809570</td>\n",
       "      <td>1562.449951</td>\n",
       "    </tr>\n",
       "    <tr>\n",
       "      <th>2019-11-01</th>\n",
       "      <td>5905.169922</td>\n",
       "      <td>3140.979980</td>\n",
       "      <td>6011.830078</td>\n",
       "      <td>2087.959961</td>\n",
       "      <td>42820.179688</td>\n",
       "      <td>13545.209961</td>\n",
       "      <td>1624.500000</td>\n",
       "    </tr>\n",
       "    <tr>\n",
       "      <th>2019-12-01</th>\n",
       "      <td>5978.060059</td>\n",
       "      <td>3230.780029</td>\n",
       "      <td>6299.539062</td>\n",
       "      <td>2197.669922</td>\n",
       "      <td>43541.019531</td>\n",
       "      <td>13913.030273</td>\n",
       "      <td>1668.469971</td>\n",
       "    </tr>\n",
       "    <tr>\n",
       "      <th>2020-01-01</th>\n",
       "      <td>5806.339844</td>\n",
       "      <td>3225.520020</td>\n",
       "      <td>5940.047852</td>\n",
       "      <td>2119.010010</td>\n",
       "      <td>44108.308594</td>\n",
       "      <td>13614.099609</td>\n",
       "      <td>1614.060059</td>\n",
       "    </tr>\n",
       "  </tbody>\n",
       "</table>\n",
       "<p>241 rows × 7 columns</p>\n",
       "</div>"
      ],
      "text/plain": [
       "                  ^FCHI        ^GSPC        ^JKSE        ^KS11          ^MXX  \\\n",
       "Date                                                                           \n",
       "2000-01-01  5659.810059  1394.459961   636.372009   943.880005   6585.669922   \n",
       "2000-02-01  6190.959961  1366.420044   576.541992   828.380005   7368.549805   \n",
       "2000-03-01  6286.049805  1498.579956   583.276001   860.940002   7473.250000   \n",
       "2000-04-01  6419.720215  1452.430054   526.737000   725.390015   6640.680176   \n",
       "2000-05-01  6426.259766  1420.599976   454.326996   731.880005   5961.140137   \n",
       "...                 ...          ...          ...          ...           ...   \n",
       "2019-09-01  5677.790039  2976.739990  6169.102051  2063.050049  43011.269531   \n",
       "2019-10-01  5729.859863  3037.560059  6228.316895  2083.479980  43337.281250   \n",
       "2019-11-01  5905.169922  3140.979980  6011.830078  2087.959961  42820.179688   \n",
       "2019-12-01  5978.060059  3230.780029  6299.539062  2197.669922  43541.019531   \n",
       "2020-01-01  5806.339844  3225.520020  5940.047852  2119.010010  44108.308594   \n",
       "\n",
       "                    ^NYA         ^RUT  \n",
       "Date                                   \n",
       "2000-01-01   6574.009766   496.230011  \n",
       "2000-02-01   6266.419922   577.710022  \n",
       "2000-03-01   6848.609863   539.090027  \n",
       "2000-04-01   6811.169922   506.250000  \n",
       "2000-05-01   6805.250000   476.179993  \n",
       "...                  ...          ...  \n",
       "2019-09-01  13004.740234  1523.369995  \n",
       "2019-10-01  13171.809570  1562.449951  \n",
       "2019-11-01  13545.209961  1624.500000  \n",
       "2019-12-01  13913.030273  1668.469971  \n",
       "2020-01-01  13614.099609  1614.060059  \n",
       "\n",
       "[241 rows x 7 columns]"
      ]
     },
     "execution_count": 2,
     "metadata": {},
     "output_type": "execute_result"
    }
   ],
   "source": [
    "data"
   ]
  },
  {
   "cell_type": "code",
   "execution_count": 3,
   "id": "0804fa59",
   "metadata": {},
   "outputs": [],
   "source": [
    "#conversions\n",
    "# convert in USD, we will use fixed rates\n",
    "data.iloc[:,0] = data.iloc[:,0]* 1.06      #FCHI\n",
    "data.iloc[:,4] = data.iloc[:,4]* 0.05      #MXX\n",
    "data.iloc[:,2] = data.iloc[:,2]* 0.000064  #JKSE\n",
    "data.iloc[:,3] = data.iloc[:,3]* 0.000773  #KS11"
   ]
  },
  {
   "cell_type": "code",
   "execution_count": 4,
   "id": "b781937b",
   "metadata": {},
   "outputs": [
    {
     "data": {
      "text/html": [
       "<div>\n",
       "<style scoped>\n",
       "    .dataframe tbody tr th:only-of-type {\n",
       "        vertical-align: middle;\n",
       "    }\n",
       "\n",
       "    .dataframe tbody tr th {\n",
       "        vertical-align: top;\n",
       "    }\n",
       "\n",
       "    .dataframe thead th {\n",
       "        text-align: right;\n",
       "    }\n",
       "</style>\n",
       "<table border=\"1\" class=\"dataframe\">\n",
       "  <thead>\n",
       "    <tr style=\"text-align: right;\">\n",
       "      <th></th>\n",
       "      <th>^FCHI</th>\n",
       "      <th>^GSPC</th>\n",
       "      <th>^JKSE</th>\n",
       "      <th>^KS11</th>\n",
       "      <th>^MXX</th>\n",
       "      <th>^NYA</th>\n",
       "      <th>^RUT</th>\n",
       "    </tr>\n",
       "    <tr>\n",
       "      <th>Date</th>\n",
       "      <th></th>\n",
       "      <th></th>\n",
       "      <th></th>\n",
       "      <th></th>\n",
       "      <th></th>\n",
       "      <th></th>\n",
       "      <th></th>\n",
       "    </tr>\n",
       "  </thead>\n",
       "  <tbody>\n",
       "    <tr>\n",
       "      <th>2000-01-01</th>\n",
       "      <td>5999.398662</td>\n",
       "      <td>1394.459961</td>\n",
       "      <td>0.040728</td>\n",
       "      <td>0.729619</td>\n",
       "      <td>329.283496</td>\n",
       "      <td>6574.009766</td>\n",
       "      <td>496.230011</td>\n",
       "    </tr>\n",
       "    <tr>\n",
       "      <th>2000-02-01</th>\n",
       "      <td>6562.417559</td>\n",
       "      <td>1366.420044</td>\n",
       "      <td>0.036899</td>\n",
       "      <td>0.640338</td>\n",
       "      <td>368.427490</td>\n",
       "      <td>6266.419922</td>\n",
       "      <td>577.710022</td>\n",
       "    </tr>\n",
       "    <tr>\n",
       "      <th>2000-03-01</th>\n",
       "      <td>6663.212793</td>\n",
       "      <td>1498.579956</td>\n",
       "      <td>0.037330</td>\n",
       "      <td>0.665507</td>\n",
       "      <td>373.662500</td>\n",
       "      <td>6848.609863</td>\n",
       "      <td>539.090027</td>\n",
       "    </tr>\n",
       "    <tr>\n",
       "      <th>2000-04-01</th>\n",
       "      <td>6804.903428</td>\n",
       "      <td>1452.430054</td>\n",
       "      <td>0.033711</td>\n",
       "      <td>0.560726</td>\n",
       "      <td>332.034009</td>\n",
       "      <td>6811.169922</td>\n",
       "      <td>506.250000</td>\n",
       "    </tr>\n",
       "    <tr>\n",
       "      <th>2000-05-01</th>\n",
       "      <td>6811.835352</td>\n",
       "      <td>1420.599976</td>\n",
       "      <td>0.029077</td>\n",
       "      <td>0.565743</td>\n",
       "      <td>298.057007</td>\n",
       "      <td>6805.250000</td>\n",
       "      <td>476.179993</td>\n",
       "    </tr>\n",
       "    <tr>\n",
       "      <th>...</th>\n",
       "      <td>...</td>\n",
       "      <td>...</td>\n",
       "      <td>...</td>\n",
       "      <td>...</td>\n",
       "      <td>...</td>\n",
       "      <td>...</td>\n",
       "      <td>...</td>\n",
       "    </tr>\n",
       "    <tr>\n",
       "      <th>2019-09-01</th>\n",
       "      <td>6018.457441</td>\n",
       "      <td>2976.739990</td>\n",
       "      <td>0.394823</td>\n",
       "      <td>1.594738</td>\n",
       "      <td>2150.563477</td>\n",
       "      <td>13004.740234</td>\n",
       "      <td>1523.369995</td>\n",
       "    </tr>\n",
       "    <tr>\n",
       "      <th>2019-10-01</th>\n",
       "      <td>6073.651455</td>\n",
       "      <td>3037.560059</td>\n",
       "      <td>0.398612</td>\n",
       "      <td>1.610530</td>\n",
       "      <td>2166.864063</td>\n",
       "      <td>13171.809570</td>\n",
       "      <td>1562.449951</td>\n",
       "    </tr>\n",
       "    <tr>\n",
       "      <th>2019-11-01</th>\n",
       "      <td>6259.480117</td>\n",
       "      <td>3140.979980</td>\n",
       "      <td>0.384757</td>\n",
       "      <td>1.613993</td>\n",
       "      <td>2141.008984</td>\n",
       "      <td>13545.209961</td>\n",
       "      <td>1624.500000</td>\n",
       "    </tr>\n",
       "    <tr>\n",
       "      <th>2019-12-01</th>\n",
       "      <td>6336.743662</td>\n",
       "      <td>3230.780029</td>\n",
       "      <td>0.403170</td>\n",
       "      <td>1.698799</td>\n",
       "      <td>2177.050977</td>\n",
       "      <td>13913.030273</td>\n",
       "      <td>1668.469971</td>\n",
       "    </tr>\n",
       "    <tr>\n",
       "      <th>2020-01-01</th>\n",
       "      <td>6154.720234</td>\n",
       "      <td>3225.520020</td>\n",
       "      <td>0.380163</td>\n",
       "      <td>1.637995</td>\n",
       "      <td>2205.415430</td>\n",
       "      <td>13614.099609</td>\n",
       "      <td>1614.060059</td>\n",
       "    </tr>\n",
       "  </tbody>\n",
       "</table>\n",
       "<p>241 rows × 7 columns</p>\n",
       "</div>"
      ],
      "text/plain": [
       "                  ^FCHI        ^GSPC     ^JKSE     ^KS11         ^MXX  \\\n",
       "Date                                                                    \n",
       "2000-01-01  5999.398662  1394.459961  0.040728  0.729619   329.283496   \n",
       "2000-02-01  6562.417559  1366.420044  0.036899  0.640338   368.427490   \n",
       "2000-03-01  6663.212793  1498.579956  0.037330  0.665507   373.662500   \n",
       "2000-04-01  6804.903428  1452.430054  0.033711  0.560726   332.034009   \n",
       "2000-05-01  6811.835352  1420.599976  0.029077  0.565743   298.057007   \n",
       "...                 ...          ...       ...       ...          ...   \n",
       "2019-09-01  6018.457441  2976.739990  0.394823  1.594738  2150.563477   \n",
       "2019-10-01  6073.651455  3037.560059  0.398612  1.610530  2166.864063   \n",
       "2019-11-01  6259.480117  3140.979980  0.384757  1.613993  2141.008984   \n",
       "2019-12-01  6336.743662  3230.780029  0.403170  1.698799  2177.050977   \n",
       "2020-01-01  6154.720234  3225.520020  0.380163  1.637995  2205.415430   \n",
       "\n",
       "                    ^NYA         ^RUT  \n",
       "Date                                   \n",
       "2000-01-01   6574.009766   496.230011  \n",
       "2000-02-01   6266.419922   577.710022  \n",
       "2000-03-01   6848.609863   539.090027  \n",
       "2000-04-01   6811.169922   506.250000  \n",
       "2000-05-01   6805.250000   476.179993  \n",
       "...                  ...          ...  \n",
       "2019-09-01  13004.740234  1523.369995  \n",
       "2019-10-01  13171.809570  1562.449951  \n",
       "2019-11-01  13545.209961  1624.500000  \n",
       "2019-12-01  13913.030273  1668.469971  \n",
       "2020-01-01  13614.099609  1614.060059  \n",
       "\n",
       "[241 rows x 7 columns]"
      ]
     },
     "execution_count": 4,
     "metadata": {},
     "output_type": "execute_result"
    }
   ],
   "source": [
    "data"
   ]
  },
  {
   "cell_type": "code",
   "execution_count": 95,
   "id": "d09f6dbd",
   "metadata": {},
   "outputs": [],
   "source": [
    "a = {}"
   ]
  },
  {
   "cell_type": "code",
   "execution_count": 96,
   "id": "0b19f9d2",
   "metadata": {},
   "outputs": [],
   "source": [
    "returns = (data / data.shift(1))[1:12*10] #shift it's like previous period so I have from p[2...12] / p[1 ...11]\n",
    "logReturns = np.log(returns)\n",
    "\n",
    "yearly_mean = 12 * logReturns.mean()\n",
    "yearly_var = 12 * logReturns.var()\n",
    "yearly_std = np.sqrt(yearly_var)\n",
    "yearly_cov = 12 * logReturns.cov()\n",
    "\n",
    "a['1'] = logReturns"
   ]
  },
  {
   "cell_type": "code",
   "execution_count": 102,
   "id": "9b224568",
   "metadata": {},
   "outputs": [],
   "source": [
    "# 10 years sliding window\n",
    "sliding_windows_data = {}\n",
    "\n",
    "for j in range(11):\n",
    "    i=12 *j\n",
    "    returns = (data / data.shift(1))[1+i:12*10 +i] \n",
    "    logReturn = np.log(returns)\n",
    "\n",
    "    yearly_mean = 12 * logReturn.mean()\n",
    "    yearly_var = 12 * logReturn.var()\n",
    "    yearly_std = np.sqrt(yearly_var)\n",
    "    yearly_cov = 12 * logReturn.cov()\n",
    "    \n",
    "    sliding_windows_data[str(j+1) +'_yearly_mean'] = yearly_mean\n",
    "    sliding_windows_data[str(j+1) +'_yearly_var'] = yearly_var\n",
    "    sliding_windows_data[str(j+1) +'_yearly_std'] = yearly_std\n",
    "    sliding_windows_data[str(j+1) +'_yearly_cov'] = yearly_cov"
   ]
  },
  {
   "cell_type": "code",
   "execution_count": 107,
   "id": "a7d8685b",
   "metadata": {},
   "outputs": [
    {
     "name": "stdout",
     "output_type": "stream",
     "text": [
      "SLIDING WINDOW  1\n",
      "^FCHI   -0.036619\n",
      "^GSPC   -0.022544\n",
      "^JKSE    0.139352\n",
      "^KS11    0.058306\n",
      "^MXX     0.159791\n",
      "^NYA     0.008961\n",
      "^RUT     0.023328\n",
      "dtype: float64\n",
      "____________________________________________________________\n",
      "SLIDING WINDOW  2\n",
      "^FCHI   -0.045908\n",
      "^GSPC   -0.008335\n",
      "^JKSE    0.218168\n",
      "^KS11    0.120982\n",
      "^MXX     0.179562\n",
      "^NYA     0.012764\n",
      "^RUT     0.043645\n",
      "dtype: float64\n",
      "____________________________________________________________\n",
      "SLIDING WINDOW  3\n",
      "^FCHI   -0.034796\n",
      "^GSPC    0.010771\n",
      "^JKSE    0.215360\n",
      "^KS11    0.089974\n",
      "^MXX     0.169155\n",
      "^NYA     0.020247\n",
      "^RUT     0.043126\n",
      "dtype: float64\n",
      "____________________________________________________________\n",
      "SLIDING WINDOW  4\n",
      "^FCHI    0.021639\n",
      "^GSPC    0.051513\n",
      "^JKSE    0.242833\n",
      "^KS11    0.122638\n",
      "^MXX     0.201011\n",
      "^NYA     0.055520\n",
      "^RUT     0.083205\n",
      "dtype: float64\n",
      "____________________________________________________________\n",
      "SLIDING WINDOW  5\n",
      "^FCHI    0.016751\n",
      "^GSPC    0.049521\n",
      "^JKSE    0.175096\n",
      "^KS11    0.087034\n",
      "^MXX     0.152377\n",
      "^NYA     0.046601\n",
      "^RUT     0.070081\n",
      "dtype: float64\n",
      "____________________________________________________________\n",
      "SLIDING WINDOW  6\n",
      "^FCHI    0.008851\n",
      "^GSPC    0.056025\n",
      "^JKSE    0.162292\n",
      "^KS11    0.072575\n",
      "^MXX     0.120221\n",
      "^NYA     0.042808\n",
      "^RUT     0.066333\n",
      "dtype: float64\n",
      "____________________________________________________________\n",
      "SLIDING WINDOW  7\n",
      "^FCHI   -0.006545\n",
      "^GSPC    0.047189\n",
      "^JKSE    0.132669\n",
      "^KS11    0.034010\n",
      "^MXX     0.082804\n",
      "^NYA     0.022604\n",
      "^RUT     0.044143\n",
      "dtype: float64\n",
      "____________________________________________________________\n",
      "SLIDING WINDOW  8\n",
      "^FCHI   -0.014394\n",
      "^GSPC    0.044625\n",
      "^JKSE    0.111260\n",
      "^KS11    0.040199\n",
      "^MXX     0.050867\n",
      "^NYA     0.017942\n",
      "^RUT     0.053253\n",
      "dtype: float64\n",
      "____________________________________________________________\n",
      "SLIDING WINDOW  9\n",
      "^FCHI    0.008775\n",
      "^GSPC    0.066796\n",
      "^JKSE    0.089083\n",
      "^KS11    0.042140\n",
      "^MXX     0.054340\n",
      "^NYA     0.034184\n",
      "^RUT     0.077316\n",
      "dtype: float64\n",
      "____________________________________________________________\n",
      "SLIDING WINDOW  10\n",
      "^FCHI    0.046809\n",
      "^GSPC    0.111966\n",
      "^JKSE    0.154939\n",
      "^KS11    0.056796\n",
      "^MXX     0.076167\n",
      "^NYA     0.079010\n",
      "^RUT     0.112137\n",
      "dtype: float64\n",
      "____________________________________________________________\n",
      "SLIDING WINDOW  11\n",
      "^FCHI    0.047310\n",
      "^GSPC    0.111071\n",
      "^JKSE    0.088822\n",
      "^KS11    0.031853\n",
      "^MXX     0.036256\n",
      "^NYA     0.070957\n",
      "^RUT     0.102790\n",
      "dtype: float64\n",
      "____________________________________________________________\n"
     ]
    }
   ],
   "source": [
    "#expected yearly returns:\n",
    "for j in range(11):\n",
    "    print(\"SLIDING WINDOW \", j+1)\n",
    "    print(sliding_windows_data[str(j+1) +'_yearly_mean'])\n",
    "    print(\"____________________________________________________________\")"
   ]
  },
  {
   "cell_type": "code",
   "execution_count": 108,
   "id": "eb4879a4",
   "metadata": {},
   "outputs": [
    {
     "name": "stdout",
     "output_type": "stream",
     "text": [
      "SLIDING WINDOW  1\n",
      "          ^FCHI     ^GSPC     ^JKSE     ^KS11      ^MXX      ^NYA      ^RUT\n",
      "^FCHI  0.038300  0.027418  0.020039  0.031955  0.028518  0.026655  0.033560\n",
      "^GSPC  0.027418  0.026898  0.022144  0.029860  0.026601  0.026041  0.029215\n",
      "^JKSE  0.020039  0.022144  0.072984  0.041865  0.036686  0.024640  0.029809\n",
      "^KS11  0.031955  0.029860  0.041865  0.075839  0.040467  0.029067  0.036298\n",
      "^MXX   0.028518  0.026601  0.036686  0.040467  0.049517  0.025777  0.037805\n",
      "^NYA   0.026655  0.026041  0.024640  0.029067  0.025777  0.027178  0.028480\n",
      "^RUT   0.033560  0.029215  0.029809  0.036298  0.037805  0.028480  0.048064\n",
      "____________________________________________________________\n",
      "SLIDING WINDOW  2\n",
      "          ^FCHI     ^GSPC     ^JKSE     ^KS11      ^MXX      ^NYA      ^RUT\n",
      "^FCHI  0.039682  0.029465  0.023861  0.035396  0.028284  0.029581  0.034554\n",
      "^GSPC  0.029465  0.027883  0.023425  0.029055  0.025710  0.027829  0.032200\n",
      "^JKSE  0.023861  0.023425  0.066836  0.035262  0.032587  0.027091  0.031985\n",
      "^KS11  0.035396  0.029055  0.035262  0.059993  0.034219  0.030059  0.036435\n",
      "^MXX   0.028284  0.025710  0.032587  0.034219  0.040477  0.027227  0.033330\n",
      "^NYA   0.029581  0.027829  0.027091  0.030059  0.027227  0.029169  0.032707\n",
      "^RUT   0.034554  0.032200  0.031985  0.036435  0.033330  0.032707  0.046374\n",
      "____________________________________________________________\n",
      "SLIDING WINDOW  3\n",
      "          ^FCHI     ^GSPC     ^JKSE     ^KS11      ^MXX      ^NYA      ^RUT\n",
      "^FCHI  0.038185  0.028037  0.024827  0.032538  0.025431  0.029604  0.033712\n",
      "^GSPC  0.028037  0.026377  0.023795  0.026033  0.023315  0.027547  0.031664\n",
      "^JKSE  0.024827  0.023795  0.062991  0.035177  0.029550  0.028125  0.032717\n",
      "^KS11  0.032538  0.026033  0.035177  0.053440  0.028940  0.028498  0.033019\n",
      "^MXX   0.025431  0.023315  0.029550  0.028940  0.035764  0.025867  0.030495\n",
      "^NYA   0.029604  0.027547  0.028125  0.028498  0.025867  0.029979  0.033577\n",
      "^RUT   0.033712  0.031664  0.032717  0.033019  0.030495  0.033577  0.046071\n",
      "____________________________________________________________\n",
      "SLIDING WINDOW  4\n",
      "          ^FCHI     ^GSPC     ^JKSE     ^KS11      ^MXX      ^NYA      ^RUT\n",
      "^FCHI  0.030414  0.022367  0.023591  0.026317  0.020485  0.025006  0.028488\n",
      "^GSPC  0.022367  0.022623  0.023745  0.022065  0.020158  0.024550  0.028451\n",
      "^JKSE  0.023591  0.023745  0.057115  0.034520  0.027637  0.027875  0.030290\n",
      "^KS11  0.026317  0.022065  0.034520  0.046445  0.025343  0.025214  0.029494\n",
      "^MXX   0.020485  0.020158  0.027637  0.025343  0.032328  0.023233  0.026728\n",
      "^NYA   0.025006  0.024550  0.027875  0.025214  0.023233  0.027697  0.030979\n",
      "^RUT   0.028488  0.028451  0.030290  0.029494  0.026728  0.030979  0.041567\n",
      "____________________________________________________________\n",
      "SLIDING WINDOW  5\n",
      "          ^FCHI     ^GSPC     ^JKSE     ^KS11      ^MXX      ^NYA      ^RUT\n",
      "^FCHI  0.028234  0.021448  0.022396  0.022997  0.018834  0.023947  0.026978\n",
      "^GSPC  0.021448  0.022312  0.022425  0.020177  0.019326  0.024031  0.027814\n",
      "^JKSE  0.022396  0.022425  0.055734  0.033809  0.026587  0.026332  0.028583\n",
      "^KS11  0.022997  0.020177  0.033809  0.042423  0.023864  0.023277  0.026517\n",
      "^MXX   0.018834  0.019326  0.026587  0.023864  0.031866  0.022396  0.025444\n",
      "^NYA   0.023947  0.024031  0.026332  0.023277  0.022396  0.026976  0.030115\n",
      "^RUT   0.026978  0.027814  0.028583  0.026517  0.025444  0.030115  0.040067\n",
      "____________________________________________________________\n",
      "SLIDING WINDOW  6\n",
      "          ^FCHI     ^GSPC     ^JKSE     ^KS11      ^MXX      ^NYA      ^RUT\n",
      "^FCHI  0.029028  0.021745  0.021959  0.023008  0.018365  0.024256  0.026889\n",
      "^GSPC  0.021745  0.022372  0.022119  0.019978  0.018877  0.024074  0.027669\n",
      "^JKSE  0.021959  0.022119  0.052834  0.032848  0.026009  0.025882  0.027764\n",
      "^KS11  0.023008  0.019978  0.032848  0.040589  0.023383  0.022995  0.025695\n",
      "^MXX   0.018365  0.018877  0.026009  0.023383  0.031317  0.021831  0.024231\n",
      "^NYA   0.024256  0.024074  0.025882  0.022995  0.021831  0.027037  0.029967\n",
      "^RUT   0.026889  0.027669  0.027764  0.025695  0.024231  0.029967  0.040169\n",
      "____________________________________________________________\n",
      "SLIDING WINDOW  7\n",
      "          ^FCHI     ^GSPC     ^JKSE     ^KS11      ^MXX      ^NYA      ^RUT\n",
      "^FCHI  0.031459  0.022945  0.021938  0.021392  0.017131  0.025145  0.027092\n",
      "^GSPC  0.022945  0.023583  0.022557  0.019228  0.019065  0.025165  0.028184\n",
      "^JKSE  0.021938  0.022557  0.052799  0.030781  0.024841  0.026285  0.027486\n",
      "^KS11  0.021392  0.019228  0.030781  0.035466  0.019295  0.021973  0.023766\n",
      "^MXX   0.017131  0.019065  0.024841  0.019295  0.028586  0.021622  0.023352\n",
      "^NYA   0.025145  0.025165  0.026285  0.021973  0.021622  0.027895  0.030327\n",
      "^RUT   0.027092  0.028184  0.027486  0.023766  0.023352  0.030327  0.039877\n",
      "____________________________________________________________\n",
      "SLIDING WINDOW  8\n",
      "          ^FCHI     ^GSPC     ^JKSE     ^KS11      ^MXX      ^NYA      ^RUT\n",
      "^FCHI  0.031953  0.023174  0.020682  0.021450  0.015855  0.025266  0.027541\n",
      "^GSPC  0.023174  0.024236  0.021624  0.019317  0.018177  0.025770  0.029337\n",
      "^JKSE  0.020682  0.021624  0.049631  0.029014  0.022309  0.025061  0.025912\n",
      "^KS11  0.021450  0.019317  0.029014  0.034267  0.018194  0.021983  0.023887\n",
      "^MXX   0.015855  0.018177  0.022309  0.018194  0.025951  0.020473  0.021772\n",
      "^NYA   0.025266  0.025770  0.025061  0.021983  0.020473  0.028439  0.031421\n",
      "^RUT   0.027541  0.029337  0.025912  0.023887  0.021772  0.031421  0.041932\n",
      "____________________________________________________________\n",
      "SLIDING WINDOW  9\n",
      "          ^FCHI     ^GSPC     ^JKSE     ^KS11      ^MXX      ^NYA      ^RUT\n",
      "^FCHI  0.029962  0.021525  0.019523  0.019101  0.014448  0.023549  0.025683\n",
      "^GSPC  0.021525  0.023161  0.020978  0.017831  0.017029  0.024673  0.027964\n",
      "^JKSE  0.019523  0.020978  0.045931  0.025608  0.021660  0.024109  0.025771\n",
      "^KS11  0.019101  0.017831  0.025608  0.028830  0.016384  0.020191  0.022273\n",
      "^MXX   0.014448  0.017029  0.021660  0.016384  0.024822  0.019328  0.020267\n",
      "^NYA   0.023549  0.024673  0.024109  0.020191  0.019328  0.027301  0.030151\n",
      "^RUT   0.025683  0.027964  0.025771  0.022273  0.020267  0.030151  0.040336\n",
      "____________________________________________________________\n",
      "SLIDING WINDOW  10\n",
      "          ^FCHI     ^GSPC     ^JKSE     ^KS11      ^MXX      ^NYA      ^RUT\n",
      "^FCHI  0.025301  0.016104  0.011526  0.015189  0.010896  0.017670  0.019431\n",
      "^GSPC  0.016104  0.017721  0.011456  0.013057  0.011694  0.018367  0.021543\n",
      "^JKSE  0.011526  0.011456  0.024963  0.014069  0.011227  0.012770  0.013861\n",
      "^KS11  0.015189  0.013057  0.014069  0.021720  0.011549  0.014307  0.016988\n",
      "^MXX   0.010896  0.011694  0.011227  0.011549  0.019285  0.013103  0.013545\n",
      "^NYA   0.017670  0.018367  0.012770  0.014307  0.013103  0.019998  0.022624\n",
      "^RUT   0.019431  0.021543  0.013861  0.016988  0.013545  0.022624  0.032555\n",
      "____________________________________________________________\n",
      "SLIDING WINDOW  11\n",
      "          ^FCHI     ^GSPC     ^JKSE     ^KS11      ^MXX      ^NYA      ^RUT\n",
      "^FCHI  0.022010  0.013759  0.007278  0.011494  0.006581  0.014737  0.015967\n",
      "^GSPC  0.013759  0.015388  0.007944  0.010204  0.007468  0.015589  0.018868\n",
      "^JKSE  0.007278  0.007944  0.018311  0.008924  0.005901  0.008503  0.008905\n",
      "^KS11  0.011494  0.010204  0.008924  0.017345  0.007150  0.011095  0.012836\n",
      "^MXX   0.006581  0.007468  0.005901  0.007150  0.014028  0.008188  0.008477\n",
      "^NYA   0.014737  0.015589  0.008503  0.011095  0.008188  0.016606  0.019553\n",
      "^RUT   0.015967  0.018868  0.008905  0.012836  0.008477  0.019553  0.028848\n",
      "____________________________________________________________\n"
     ]
    }
   ],
   "source": [
    "#cov_matrices:\n",
    "for j in range(11):\n",
    "    print(\"SLIDING WINDOW \", j+1)\n",
    "    print(sliding_windows_data[str(j+1) +'_yearly_cov'])\n",
    "    print(\"____________________________________________________________\")"
   ]
  },
  {
   "cell_type": "markdown",
   "id": "de0bd742",
   "metadata": {},
   "source": [
    "#### Efficient frontiers"
   ]
  },
  {
   "cell_type": "code",
   "execution_count": 228,
   "id": "708e347d",
   "metadata": {},
   "outputs": [
    {
     "name": "stderr",
     "output_type": "stream",
     "text": [
      "C:\\Users\\fiori\\AppData\\Local\\Temp\\ipykernel_12820\\3007121622.py:18: RuntimeWarning: invalid value encountered in divide\n",
      "  weights /= np.sum(weights)\n"
     ]
    },
    {
     "data": {
